22 33 26 29 23 29 32 2 3 12 0 8 0 12 3 13 2 8 2 1
26 29 32 23 29 26 29 33 27 2 28 33 30 32 20 33 13 0 13 33
2 1 0 19 33 22 33 15 32 30 8 30 8 0 3 2 8 0 3 12
1 30 33 31 28 31 32 15 33 14 33 20 33 31 33 14 32 20 33 18
23 32 14 33 28 33 23 33 18 32 15 33 19 1 21 0 11 0 6 4
5 16 6 0 11 0 1 7 1 21 0 11 0 31 25 31 28 2 9 2
20 32 2 0 5 16 6 0 4 10 4 0 8 2 7 3 13 1 19 0
3 13 3 13 0 12 0 8 2 9 33 13 2 0 12 0 1 2 28 31
0 6 0 21 0 19 33 19 33 22 32 29 23 25 31 25 23 29 23 32
24 31 0 21 1 17 1 30 32 18 33 27 33 27 23 27 23 29 32 31
7 0 17 0 7 2 1 7 1 13 0 11 0 6 4 10 4 0 10 0
10 5 6 16 6 16 6 16 5 10 5 16 5 6 5 10 4 6 4 6
9 33 23 29 33 32 31 0 17 1 2 28 31 0 17 0 21 1 13 33
18 33 30 33 29 26 33 13 0 31 0 8 0 11 0 21 0 12 0 7
31 25 24 27 24 25 24 31 24 31 25 23 33 20 33 23 25 23 32 31
19 1 7 1 19 1 21 0 3 0 4 10 4 10 5 10 4 6 5 16
17 0 7 1 0 12 3 2 0 1 19 33 31 28 2 3 1 13 0 19
16 5 16 6 16 6 0 21 0 3 1 17 1 19 0 5 16 6 16 6
4 6 4 0 11 0 21 1 7 3 1 3 0 3 1 19 0 4 6 16
32 15 32 30 8 0 6 4 10 5 0 2 28 33 13 1 7 2 3 12
29 33 13 3 7 0 1 7 2 3 1 19 1 2 8 2 1 30 8 32
6 5 0 17 0 11 0 8 2 3 7 3 1 3 12 3 0 12 0 12
33 13 1 13 0 11 0 11 0 6 0 5 10 5 10 4 6 0 6 0
27 2 13 1 21 0 2 9 33 22 32 20 33 31 0 4 0 12 0 6
14 33 30 33 23 33 19 33 23 33 23 27 2 3 1 30 33 15 33 26
12 3 13 3 12 3 0 2 28 2 13 0 6 0 11 0 13 3 1 30
30 32 18 32 23 33 23 27 2 7 3 0 21 1 13 1 3 13 2 7
21 1 30 32 20 32 23 32 31 25 31 32 31 25 31 0 8 2 0 1
11 0 17 0 21 0 10 0 2 7 3 12 3 7 1 0 17 0 4 6
15 32 18 33 31 25 24 31 0 11 0 17 1 7 1 13 33 14 33 29
8 2 32 31 25 31 0 19 33 27 23 32 14 32 20 32 18 32 31 25
13 1 0 5 10 5 10 4 10 0 11 0 21 1 0 4 0 19 33 20
25 31 32 30 32 31 0 13 1 7 1 2 8 2 28 33 9 2 8 30
28 33 22 32 8 30 32 22 32 14 33 8 2 28 33 14 33 26 29 33
21 1 13 3 13 1 30 32 30 32 33 22 33 23 25 31 25 24 31 25
23 32 20 32 30 32 29 23 29 33 9 33 8 30 32 33 14 32 33 19
10 4 10 5 0 1 30 1 0 13 33 8 0 8 2 28 2 0 3 1
28 33 19 0 3 2 3 12 3 2 13 2 9 2 32 23 29 32 14 32
22 32 14 33 30 33 19 0 1 30 32 18 32 8 32 2 32 33 29 33
4 0 17 0 19 33 15 33 20 33 22 32 22 33 23 27 23 32 29 26
14 32 14 33 27 23 29 33 15 32 8 33 23 29 33 14 33 8 30 32
5 16 5 6 16 6 5 6 5 16 6 0 3 13 0 2 9 2 13 3
11 0 11 0 7 2 7 3 13 2 27 23 29 26 33 30 33 15 32 15
27 24 31 25 31 28 31 24 27 24 25 23 32 18 33 14 32 20 33 8
17 0 6 4 0 8 2 7 3 2 9 2 8 30 1 21 1 30 32 20
20 32 30 32 2 28 33 32 8 30 33 32 30 1 7 1 30 8 2 0
8 32 29 32 30 33 23 27 24 31 25 24 25 23 25 23 29 23 27 23
16 5 6 5 10 0 2 3 1 7 3 7 2 3 1 21 1 21 0 3
2 7 0 17 1 19 0 5 16 5 0 17 0 7 3 7 0 11 0 12
6 4 6 4 10 0 19 1 17 1 19 0 8 30 32 18 32 15 33 26
33 18 32 8 0 21 0 5 0 31 28 31 32 14 33 23 32 14 33 9
32 20 33 29 26 29 33 19 0 19 33 8 32 30 1 0 2 3 7 0
9 2 27 23 29 32 33 13 3 7 0 13 0 21 0 1 17 0 19 1
31 24 25 31 0 19 33 9 2 3 2 9 2 0 13 2 1 19 0 1
26 33 19 0 6 4 0 11 0 1 7 2 8 32 14 33 18 33 15 32
0 3 0 10 4 0 21 0 19 0 3 12 3 12 0 8 0 4 10 5
30 33 8 2 8 32 14 32 30 32 30 1 3 12 3 0 7 2 13 2
12 0 5 16 6 0 1 19 0 19 1 2 28 33 14 33 9 2 13 33
19 1 19 0 31 25 23 25 31 28 2 3 7 0 7 2 0 11 0 31
1 13 33 29 26 29 23 25 23 27 24 31 28 33 23 25 24 31 0 21
13 0 12 0 19 33 32 8 33 26 33 20 32 18 32 14 33 23 32 2
15 32 18 32 30 8 2 7 2 27 33 14 32 30 33 31 32 29 32 20
3 13 0 10 0 19 0 8 32 18 33 27 2 7 1 7 2 27 23 27
25 23 32 18 33 18 32 33 31 25 24 25 31 24 25 24 25 23 33 8
18 32 23 32 8 32 30 8 0 11 0 3 7 3 1 19 1 19 1 30
24 25 23 29 32 14 32 8 2 8 0 1 3 2 1 30 8 32 33 14
29 26 29 33 26 33 15 32 30 1 30 33 13 0 17 0 8 0 1 13
7 1 13 33 32 22 32 29 33 13 3 0 17 1 17 0 11 0 7 2
20 32 30 8 0 11 0 6 0 7 2 9 2 7 2 0 11 0 13 33
10 4 6 5 6 16 6 5 10 5 0 7 0 5 16 6 0 21 1 17
13 33 18 32 31 28 31 33 14 33 18 33 9 2 3 2 28 31 0 17
18 32 33 20 32 23 29 32 22 33 20 32 18 33 28 2 27 24 25 23
22 32 23 25 24 31 25 23 27 23 29 23 29 26 29 32 33 13 3 12
23 27 24 27 24 27 2 28 31 33 29 33 29 33 9 2 27 24 25 31
24 25 31 25 24 25 24 25 23 27 33 22 33 29 23 32 14 32 30 33
33 9 2 0 12 0 4 10 4 0 4 10 5 16 6 5 10 5 0 13
27 24 25 31 33 31 33 32 15 33 18 32 29 33 30 1 7 3 13 0
29 23 27 23 27 23 32 14 33 32 30 32 15 32 8 32 33 26 33 8
15 32 14 33 27 23 27 23 25 31 32 8 30 33 8 2 13 33 15 32
11 0 1 21 0 10 5 6 5 6 5 6 0 3 13 3 7 2 28 31
17 0 1 7 3 0 8 30 33 19 0 10 0 8 33 31 24 25 31 25
14 32 18 32 23 27 23 32 22 33 26 33 23 33 18 32 18 33 27 33
21 1 3 13 2 3 2 7 1 3 1 13 2 27 23 27 23 32 8 0
31 24 27 23 32 22 33 29 33 15 32 29 23 27 23 32 30 32 23 27
12 3 2 32 23 27 24 31 0 21 1 21 1 30 33 23 29 32 31 25
19 33 22 32 29 23 29 23 33 28 33 18 32 14 33 32 29 33 27 24
28 33 30 32 29 33 19 1 21 1 3 12 3 2 32 30 32 30 32 14
30 33 9 2 13 33 22 33 13 2 0 7 2 28 33 27 33 29 33 18
4 6 4 10 5 16 5 10 5 16 6 0 6 5 0 6 0 11 0 13
6 5 16 6 4 0 1 3 0 6 4 6 16 6 4 10 4 6 5 10
26 29 23 32 20 33 20 33 31 32 23 33 22 33 13 1 19 0 3 1
3 7 0 19 1 7 3 1 30 1 2 3 12 0 21 1 0 5 10 0
0 7 2 13 2 32 31 0 1 7 0 21 1 17 1 3 0 21 0 8
7 0 19 0 31 24 31 28 31 24 27 2 0 4 0 5 16 6 0 7
16 6 4 0 5 10 4 6 4 0 1 2 0 4 10 4 6 5 0 11
5 0 31 33 29 26 29 32 22 33 19 1 0 3 0 8 32 15 32 20
32 30 8 2 8 2 28 33 27 2 8 0 4 6 5 6 4 10 5 0
25 24 27 23 27 24 25 24 27 33 14 32 8 32 22 32 15 32 2 3
9 33 23 25 24 27 33 27 2 1 3 0 5 6 4 6 4 10 5 16
1 17 0 6 16 5 10 0 7 2 0 3 7 2 1 17 0 2 9 2
2 3 13 33 30 33 27 2 1 7 1 19 33 27 2 32 2 8 33 22
8 2 32 20 32 8 2 1 2 0 4 6 0 7 2 3 0 21 1 30
6 5 0 17 0 21 1 30 32 30 32 15 32 14 32 8 33 13 33 23
23 29 26 33 28 31 33 14 33 32 8 0 21 0 10 0 8 0 6 4
19 33 18 33 28 2 1 7 0 8 30 1 19 1 17 0 19 0 12 0
30 32 33 23 25 24 31 32 30 32 29 26 33 31 0 1 3 1 3 12
7 1 3 0 31 24 31 0 4 0 4 6 5 10 4 10 5 10 0 17
9 33 20 33 26 29 23 27 24 27 24 31 0 11 0 31 24 27 33 13
31 0 3 7 0 7 0 19 0 21 1 3 7 2 13 33 14 33 27 33
22 33 20 33 14 32 14 33 28 31 28 31 28 33 28 33 30 32 8 0
33 27 24 27 2 8 0 10 0 5 10 4 0 3 12 0 6 16 5 0
21 0 31 32 8 2 7 2 8 32 22 32 22 33 29 26 29 32 14 32
27 23 33 29 23 27 23 29 26 29 32 14 33 28 31 33 14 33 19 0
0 11 0 7 0 11 0 21 0 21 1 21 1 30 1 13 2 28 31 25
20 32 8 33 18 32 33 28 33 8 33 15 32 18 33 27 23 32 31 32
10 0 12 3 1 17 0 5 0 11 0 13 3 1 21 0 2 8 2 32
4 0 10 0 13 1 3 13 3 2 9 33 14 33 18 33 32 2 9 33
1 21 1 13 2 0 19 1 0 13 0 10 5 16 5 6 16 6 5 10
25 24 25 23 29 32 8 2 13 33 28 2 3 1 2 3 7 0 1 2
32 30 1 17 0 31 33 32 30 8 0 6 16 6 0 1 21 0 21 0
13 0 3 7 0 17 1 19 1 17 1 30 1 3 12 3 12 3 1 3
12 0 6 4 6 0 3 2 32 29 33 8 2 13 2 7 1 30 8 32
18 32 22 33 18 33 9 33 9 2 32 22 32 14 33 20 33 20 32 15
24 27 33 32 15 32 29 33 22 32 18 33 15 33 14 33 8 32 15 32
3 13 33 15 33 30 32 22 33 18 33 13 3 2 9 2 1 21 1 21
8 32 30 8 30 33 29 33 18 32 2 3 12 3 12 3 12 3 13 0
15 33 28 31 33 14 33 18 32 15 33 14 32 15 32 18 32 14 32 22
17 0 8 33 30 33 23 25 23 25 24 31 32 33 22 33 19 1 3 13
2 13 33 14 33 27 23 25 23 33 32 8 33 13 1 7 0 21 1 2
16 6 5 16 6 0 19 1 7 3 12 3 12 0 6 0 17 1 13 3
11 0 7 0 31 32 31 33 30 33 22 33 8 30 1 30 32 30 32 20
28 2 8 30 33 29 26 29 26 33 9 2 8 30 1 17 0 3 12 3
5 0 12 3 13 0 5 16 5 0 12 0 4 10 0 17 0 2 7 3
14 32 14 33 31 0 3 0 10 4 6 4 10 0 10 5 0 19 33 26
26 33 23 29 33 32 20 32 23 27 33 20 33 9 2 32 30 32 8 30
29 33 27 23 29 23 27 24 25 24 25 31 28 33 29 23 33 18 33 14
23 32 20 33 14 33 28 2 7 0 17 0 31 25 31 28 2 0 12 0
11 0 4 6 4 0 4 10 0 21 0 1 17 1 3 13 3 13 3 2
0 10 4 6 0 13 2 8 33 28 33 28 33 9 33 13 3 2 32 15
14 32 23 29 32 22 32 2 28 31 24 31 28 31 28 2 3 0 19 33
26 29 23 29 23 29 32 29 33 23 25 23 25 24 25 24 25 24 27 24
33 9 33 31 28 33 31 33 13 3 0 5 6 0 17 1 19 0 7 0
31 24 25 31 0 31 24 31 0 8 32 30 8 33 19 1 30 33 22 32
25 23 27 24 25 23 25 23 27 24 31 28 33 32 22 33 13 0 6 4
32 2 28 2 0 17 1 3 13 3 7 3 1 21 1 3 12 3 1 3
6 5 6 16 5 0 7 1 13 33 28 2 7 2 27 24 27 2 27 2
22 33 26 29 23 29 23 25 24 31 32 31 33 27 24 31 25 31 32 30
12 3 1 30 8 30 8 30 1 7 1 19 0 21 0 11 0 3 7 3
3 12 3 1 0 12 0 19 0 2 0 8 0 17 0 3 7 0 7 3
28 2 8 33 20 32 2 7 3 12 3 2 7 0 17 1 21 1 7 0
15 32 15 32 30 8 0 17 0 13 1 7 1 7 3 7 2 8 33 32
7 1 0 17 0 8 32 14 33 28 2 9 2 7 1 7 1 30 33 13
18 33 32 8 0 2 0 21 1 0 7 0 7 2 8 0 1 19 1 2
16 5 10 5 10 0 6 0 17 0 5 0 21 1 19 0 31 0 17 1
17 0 7 0 21 1 19 1 13 1 30 33 29 33 9 2 8 30 8 0
10 0 5 16 6 5 6 5 16 6 5 10 0 3 0 4 6 4 6 16
30 1 3 2 1 2 1 30 1 30 1 3 2 3 1 2 0 1 21 0
20 33 8 30 33 8 30 32 18 32 30 32 2 1 2 27 33 13 2 28
13 0 10 0 19 1 19 1 0 12 3 7 2 7 2 13 0 13 33 9
21 0 1 3 2 9 33 19 33 28 31 32 31 24 31 33 29 32 30 8
1 17 0 4 10 5 10 0 13 1 3 12 3 12 3 7 1 13 33 22
8 32 14 33 20 32 18 32 15 32 30 32 20 33 29 32 33 27 33 28
2 27 23 33 19 1 0 7 0 31 24 25 31 33 29 23 29 23 29 23
24 31 24 27 23 32 2 7 0 12 0 19 0 10 5 10 5 6 4 0
19 33 28 33 14 33 27 33 28 31 0 5 16 6 16 6 4 0 3 1
4 10 4 10 5 16 6 4 6 5 0 5 16 5 0 4 6 16 5 16
5 0 3 13 33 9 2 9 2 1 2 3 13 3 13 33 9 33 29 33
29 23 33 14 32 22 33 22 33 15 32 18 32 22 32 30 1 0 31 24
9 33 29 26 29 26 29 32 14 32 29 26 29 26 33 14 33 22 33 23
27 33 30 33 31 25 24 25 23 33 8 32 22 33 20 32 23 32 8 32
26 33 20 32 8 30 8 30 33 20 33 15 32 22 33 8 30 33 14 33
7 1 30 33 14 33 28 31 28 33 23 29 23 27 24 27 2 3 0 19
13 33 26 33 29 23 27 24 25 31 32 18 32 2 27 2 9 2 3 7
19 0 21 1 3 2 8 30 32 15 33 9 33 23 33 22 33 26 33 23
9 2 32 22 33 19 0 4 0 31 24 31 28 33 15 33 18 32 23 27
11 0 5 10 0 4 0 21 1 13 33 22 33 31 28 31 0 10 5 6
25 31 25 31 25 23 27 2 13 3 0 17 1 0 5 0 12 3 7 1
23 25 23 29 32 29 23 25 23 29 32 23 29 32 14 33 18 32 15 33
2 27 33 31 25 23 33 18 33 23 27 23 33 26 33 22 33 9 33 9
33 30 32 22 32 14 33 26 29 32 29 23 32 22 32 14 33 29 33 29
1 13 1 13 2 0 17 1 3 1 2 27 2 9 33 22 32 2 9 33
27 33 30 32 8 33 18 33 8 33 30 32 20 32 31 32 22 33 20 32
12 3 12 3 2 32 33 13 3 12 0 4 10 4 10 4 0 3 0 6
31 25 23 32 29 32 33 19 33 31 24 31 32 2 32 30 33 29 33 32
32 15 32 18 33 23 27 23 29 26 33 30 33 18 33 32 15 32 29 23
5 0 1 30 33 19 33 29 32 30 8 33 30 33 13 2 7 0 13 2
17 1 21 0 12 0 13 33 13 1 17 0 4 6 5 16 5 0 8 0
22 32 2 28 33 29 32 22 33 23 32 31 24 27 23 33 26 29 32 33
6 4 0 12 0 6 4 0 17 0 17 0 31 33 22 32 20 33 23 32
18 32 22 33 22 33 32 30 1 21 1 13 1 0 13 2 3 1 17 0
0 17 0 17 1 21 0 17 1 30 32 30 32 14 33 28 31 28 33 23
28 2 9 2 32 23 29 32 20 32 22 32 31 28 2 1 0 21 1 0
8 2 3 12 3 7 3 7 1 17 0 19 0 6 0 7 3 12 0 6
21 1 30 1 17 0 17 1 19 33 15 32 30 32 2 1 3 13 1 17
16 6 4 6 5 6 0 31 32 31 24 27 33 13 2 3 2 0 4 6
10 0 17 0 13 1 0 4 10 4 10 5 10 5 6 16 5 16 5 6
30 32 23 27 23 27 33 18 33 22 32 14 33 13 1 21 0 2 3 12
29 32 2 9 2 7 1 13 3 1 30 8 0 10 0 4 0 5 6 4
15 32 31 25 24 27 23 27 2 28 2 3 1 0 1 21 0 7 0 12
4 0 8 32 2 27 23 25 23 33 23 33 28 33 31 33 23 29 26 33
14 33 31 28 31 25 23 25 31 25 31 24 25 31 24 25 31 24 25 23
3 2 3 2 28 2 3 0 12 3 7 1 2 7 3 1 30 32 14 32
20 33 26 29 32 20 33 9 33 32 30 1 7 0 13 1 19 33 8 0
24 27 23 33 31 25 24 31 24 25 23 27 33 31 24 31 32 30 8 0
20 32 22 33 28 33 18 32 18 32 33 18 33 13 33 22 33 13 0 19
6 0 12 0 1 7 1 30 33 22 32 14 33 23 27 2 9 2 1 7
9 2 13 3 0 5 16 5 16 6 4 6 4 10 5 6 4 0 3 0
33 9 33 8 33 20 32 33 19 33 13 33 13 3 7 2 0 2 7 3
31 28 2 13 33 8 2 7 0 7 3 0 2 1 7 1 0 21 0 10
15 33 26 33 9 33 27 2 28 31 24 25 24 27 24 27 24 31 33 28
10 4 6 5 6 0 17 1 21 0 3 7 2 0 17 1 19 1 21 1
25 31 28 2 7 0 31 33 20 33 13 1 7 2 28 2 3 1 0 3
19 1 7 3 7 1 17 1 30 32 8 30 1 7 0 31 32 29 23 33
4 0 2 9 2 1 30 1 17 1 13 3 2 0 31 25 31 28 31 0
2 32 33 27 24 27 33 32 23 25 24 25 24 25 23 29 32 29 33 19
7 0 8 2 32 23 33 22 33 15 32 23 33 9 33 13 1 17 1 13
21 0 7 0 7 3 12 0 17 1 13 2 9 2 0 19 0 2 8 32
28 2 32 29 23 25 24 31 28 2 8 0 19 33 26 33 26 33 23 27
29 32 8 30 32 31 0 12 3 2 27 33 20 32 31 33 26 33 27 2
32 20 32 29 26 29 23 29 33 20 32 14 33 32 18 33 19 0 17 1
18 33 20 32 14 32 22 32 18 32 8 33 27 33 19 1 2 32 23 33
27 23 29 23 32 15 33 19 33 20 32 23 27 33 26 29 32 14 32 18
5 0 3 1 17 0 5 10 4 0 3 2 32 31 28 2 27 2 3 2
23 29 33 23 27 24 25 24 31 25 23 32 20 33 23 32 8 2 0 13
17 1 17 0 17 1 7 0 2 3 2 8 2 13 2 28 33 22 33 32
8 2 32 31 24 25 31 33 8 30 8 0 4 10 0 3 1 17 0 21
16 5 0 13 1 21 0 1 19 0 3 2 7 2 27 33 14 32 20 32
26 33 27 2 13 3 1 17 1 21 0 12 0 13 3 7 1 21 1 17
14 32 15 32 30 8 33 28 31 0 21 1 0 7 1 17 0 12 0 11
24 27 33 31 0 8 0 2 3 0 31 28 2 9 2 32 22 32 20 33
12 0 11 0 12 3 7 2 13 0 3 13 1 13 3 1 2 32 18 33
30 33 31 33 20 32 29 26 29 33 19 0 19 0 2 32 2 28 31 24
11 0 2 1 17 0 11 0 6 4 10 0 6 4 6 4 10 0 11 0
0 8 2 3 7 0 11 0 7 2 32 2 3 7 3 0 11 0 3 0
13 0 7 3 1 19 0 17 0 17 1 21 1 19 33 8 30 32 2 7
22 32 29 33 9 2 28 33 8 30 8 33 13 2 3 2 3 7 2 3
3 0 13 3 12 3 2 32 22 33 9 33 26 33 30 33 9 33 28 2
1 21 1 2 13 3 13 0 8 33 31 25 24 27 23 33 27 24 25 23
16 6 5 0 31 28 31 32 23 25 24 27 23 32 14 33 13 0 5 6
6 4 6 16 5 0 21 1 7 3 12 3 12 0 4 0 1 19 33 28
12 3 0 3 0 31 24 31 33 29 26 33 14 33 23 32 20 32 20 32
31 28 2 1 7 1 19 33 9 33 31 32 2 9 33 19 0 2 13 3
15 33 28 2 1 7 1 0 6 0 3 1 19 1 7 1 2 13 3 1
2 1 19 33 22 32 8 2 3 2 8 0 6 4 10 5 16 5 0 21
22 33 22 32 15 33 31 25 23 27 23 33 30 1 0 12 0 10 4 6
20 33 8 30 1 30 33 26 29 33 28 33 20 32 20 32 18 32 23 32
23 27 2 32 20 33 20 33 15 32 14 33 30 8 30 1 30 32 22 33
27 24 31 0 21 1 21 0 8 2 7 3 1 30 1 17 0 1 21 1
7 3 2 8 2 3 12 3 1 13 3 12 3 12 0 17 1 2 32 14
21 0 31 24 25 23 29 33 9 33 28 31 33 13 3 0 12 3 0 31
9 33 13 33 29 26 33 14 33 18 33 19 33 9 33 27 24 25 24 27
30 8 32 31 0 1 2 9 2 28 33 32 2 1 2 9 33 30 32 23
25 23 27 24 31 25 24 31 24 31 0 2 32 23 27 23 29 33 19 33
32 14 33 9 2 27 2 0 3 1 19 33 31 32 31 24 25 24 31 25
4 0 3 2 13 1 19 1 19 33 31 28 33 19 1 19 0 31 33 15
19 0 4 0 10 4 10 4 6 16 5 16 6 0 2 28 2 1 3 12
10 0 21 0 10 4 0 12 0 3 0 3 7 3 2 8 33 30 33 31
24 27 33 27 33 20 32 18 32 31 24 25 23 27 24 27 24 31 33 28
13 2 0 8 32 15 33 31 25 23 29 32 23 33 22 32 30 32 15 32
26 29 32 15 33 9 33 9 2 28 33 28 2 13 2 3 0 31 32 31
5 16 5 10 5 10 4 0 31 32 31 32 18 32 14 33 15 33 26 29
33 8 32 31 28 33 29 32 20 32 31 32 22 32 14 33 14 33 32 31
8 2 7 0 6 5 10 4 6 0 31 0 3 12 0 17 0 6 5 10
28 33 14 33 26 33 30 33 15 33 27 23 32 29 33 29 23 25 23 29
14 33 32 15 33 32 8 32 18 33 30 32 33 29 33 14 33 22 32 8
3 12 3 1 19 0 5 6 0 8 2 32 15 33 13 33 28 31 28 31
11 0 2 0 31 33 29 33 26 29 33 15 33 28 31 24 25 24 31 24
1 7 1 21 0 13 2 0 19 0 3 0 8 32 2 9 2 8 32 29
18 32 22 32 8 2 9 33 32 23 32 22 33 28 31 25 24 27 2 0
0 12 0 6 4 10 0 21 1 2 0 4 6 5 6 0 1 3 12 0
17 1 30 32 8 30 33 22 33 20 33 28 33 27 24 31 0 13 1 13
29 32 20 33 20 33 20 33 15 32 15 33 31 33 30 1 7 3 0 31
19 33 20 33 32 8 2 1 21 0 4 10 5 6 5 0 7 2 1 2
7 1 0 31 32 18 33 8 0 19 1 17 0 21 1 30 33 18 32 31
15 32 31 28 31 33 27 23 29 23 25 24 25 31 28 31 32 8 32 18
2 9 2 7 0 4 0 2 28 2 8 30 32 15 33 28 31 25 23 27
17 1 30 32 23 27 33 15 32 29 26 29 23 29 33 30 1 3 12 3
10 0 12 0 6 0 10 5 10 0 3 2 1 30 33 28 31 25 23 32
3 0 8 0 19 0 21 1 13 2 27 33 8 32 30 32 22 33 23 32
0 13 2 1 30 32 8 30 32 29 26 33 14 33 30 8 33 32 2 32
5 10 4 10 0 11 0 8 33 15 32 31 28 2 9 33 13 2 3 13
14 32 33 15 32 33 23 29 33 27 23 32 30 8 32 20 33 29 33 27
29 26 33 27 33 9 33 8 2 13 0 12 0 21 1 19 1 19 1 30
24 25 23 29 33 9 2 8 33 22 33 9 33 28 33 26 33 14 32 18
4 6 16 6 4 6 16 5 16 6 16 5 10 0 8 2 9 2 9 33
20 32 33 20 33 22 32 22 32 20 33 27 33 8 32 20 32 14 33 14
8 0 17 1 3 0 4 10 5 6 5 6 0 4 0 13 2 3 1 3
9 2 28 31 33 27 2 32 20 33 14 32 22 33 18 33 30 32 30 1
22 32 18 32 22 32 33 26 29 32 29 32 22 33 9 2 1 3 1 13
25 31 0 31 25 31 25 23 32 23 27 23 33 29 23 32 22 32 15 33
31 24 27 24 31 25 24 31 32 14 33 9 33 28 31 24 31 28 2 7
1 17 1 3 7 1 3 12 0 6 5 6 16 6 5 6 0 10 5 0
13 33 23 33 18 32 22 32 20 32 2 7 0 7 2 7 2 7 3 0
16 5 10 0 7 0 4 0 17 1 0 13 2 8 30 8 32 2 32 8
12 0 10 0 6 5 10 5 0 31 28 33 19 1 3 13 0 17 1 13
32 33 29 23 29 23 32 20 32 23 32 18 33 31 0 1 21 1 3 2
30 33 27 23 29 33 29 33 29 23 33 14 33 30 33 31 0 5 0 31
27 33 23 32 2 3 2 3 0 19 1 30 33 26 33 31 32 30 33 13
21 0 31 28 31 25 23 25 23 33 15 32 2 8 0 10 4 0 31 33
28 2 13 1 3 2 8 32 31 33 31 0 19 0 5 0 4 0 4 0
18 33 13 1 2 8 32 22 33 23 33 22 33 29 33 30 8 33 30 33
23 25 24 25 23 25 31 28 31 0 21 1 17 1 3 12 0 5 0 2
11 0 5 16 6 5 16 5 10 5 0 3 7 3 0 1 19 0 19 33
6 16 5 0 3 0 21 1 0 10 0 12 0 13 2 3 12 3 12 0
33 27 24 25 31 24 27 33 29 32 29 32 20 33 13 3 1 13 2 32
26 33 8 33 32 33 30 33 22 32 33 31 24 25 31 33 28 33 28 33
12 0 13 3 13 1 19 0 4 6 4 6 5 16 5 6 16 5 10 0
5 10 5 10 5 6 0 12 3 0 3 13 0 10 5 16 5 10 4 0
7 0 3 12 3 12 3 2 9 33 27 24 25 31 24 27 33 22 32 15
1 19 33 27 23 25 24 25 31 25 24 27 23 32 23 33 19 0 17 0
14 32 15 33 9 2 3 7 3 13 1 30 1 13 33 8 30 32 18 33
16 5 16 5 0 8 30 8 0 1 30 1 21 1 30 8 0 4 6 5
26 29 26 33 9 33 13 0 17 1 2 3 1 3 0 21 0 10 5 6
10 5 10 4 0 12 0 13 2 3 0 2 7 3 2 32 29 32 14 33
18 33 18 32 8 0 10 0 12 3 1 3 7 3 12 3 2 27 24 27
29 32 8 32 31 0 3 2 13 1 0 2 0 21 0 4 0 11 0 17
15 32 8 2 7 3 0 19 1 2 13 3 2 28 31 24 31 32 20 33
3 13 2 28 2 13 33 28 31 33 32 31 0 21 1 7 3 2 27 33
23 25 23 27 2 8 30 33 30 8 30 8 33 8 33 23 27 33 27 2
4 6 16 5 0 5 16 6 4 6 0 8 32 29 33 28 33 26 29 26
2 27 2 32 8 32 8 2 1 30 32 31 24 25 31 32 22 33 27 24
24 27 33 18 32 23 27 23 27 23 29 33 29 26 33 20 32 15 32 31
32 31 33 27 23 25 24 31 24 27 24 27 24 25 31 28 31 24 31 33
21 0 31 32 15 32 30 33 14 32 29 32 2 3 1 21 0 2 3 2
0 4 0 17 1 19 0 13 2 28 33 23 29 33 14 33 23 29 32 33
17 1 3 7 1 3 7 2 8 32 20 32 15 32 29 33 32 18 32 18
30 33 29 32 23 33 14 32 33 32 23 25 31 33 19 0 4 0 2 0
33 30 8 0 4 0 13 2 28 2 3 7 1 19 33 31 24 31 33 13
9 2 28 2 9 2 32 33 29 33 15 33 19 0 12 3 2 8 32 33
20 32 30 8 32 20 32 30 8 33 9 2 3 0 21 0 10 5 0 8
11 0 6 5 10 5 10 4 0 5 16 6 0 13 2 1 0 13 0 6
28 33 32 31 28 31 28 2 3 0 12 0 12 0 7 1 2 9 2 7
8 33 15 33 18 33 19 33 23 33 20 33 20 33 9 33 20 33 9 33
13 2 13 33 14 32 8 32 20 33 29 26 29 33 31 25 23 29 26 29
31 25 24 25 23 33 13 1 2 1 13 1 7 1 7 2 13 0 19 1
22 32 8 30 1 2 8 0 4 10 5 16 5 10 0 11 0 17 0 6
25 24 27 2 8 0 12 0 21 0 12 0 31 33 23 32 31 0 8 33
27 23 27 24 25 23 29 33 26 33 27 23 27 24 31 24 25 24 31 25
6 4 0 7 3 1 2 8 33 23 32 20 33 8 33 22 33 30 32 20
19 0 21 0 3 7 3 0 4 10 4 10 4 10 0 13 0 4 10 4
30 32 23 29 33 8 30 32 2 0 6 5 10 5 16 6 0 12 0 6
29 33 22 32 29 23 29 23 27 24 25 24 31 28 31 28 2 32 15 32
18 33 26 33 13 1 13 33 31 24 27 33 26 33 27 33 8 2 1 0
22 33 27 2 1 19 33 27 33 20 32 18 33 23 29 32 14 33 9 2
11 0 5 16 6 5 10 4 10 5 10 4 6 4 10 4 0 7 2 3
28 33 14 32 33 31 28 31 0 1 0 17 0 3 13 2 13 0 11 0
8 2 13 3 1 21 0 10 4 10 0 5 16 6 0 17 0 13 1 21
24 31 24 25 24 25 24 27 23 29 23 32 20 32 29 33 22 33 27 33
26 33 13 0 11 0 3 7 3 1 7 3 12 0 2 3 1 19 1 21
1 13 0 7 3 7 0 21 1 13 3 13 1 19 0 3 2 9 33 27
12 3 1 7 0 11 0 31 28 33 19 33 9 33 32 8 33 15 32 31
25 31 0 1 0 17 1 13 3 7 3 0 5 10 0 17 0 10 0 10
19 1 19 33 32 20 32 30 1 0 31 32 31 25 23 29 32 30 33 30
4 0 21 0 6 4 0 10 5 10 0 31 25 23 25 24 27 2 28 2
9 2 27 2 9 2 1 2 0 10 0 6 5 0 13 1 19 1 3 13
6 4 6 0 5 16 5 0 6 5 0 6 16 6 4 10 4 10 5 0
31 32 8 0 31 33 23 27 2 3 12 3 2 0 19 1 7 2 28 2
27 23 29 23 25 23 27 24 31 24 31 28 2 32 30 32 20 32 15 33
15 33 8 0 13 33 14 32 22 33 32 18 33 28 31 32 23 27 24 25
21 0 4 10 0 17 1 0 10 5 6 5 0 31 25 31 25 31 28 31
17 0 5 16 5 16 6 0 8 30 32 18 32 23 33 22 32 22 32 2
10 4 10 5 10 0 21 0 8 32 20 32 14 33 31 33 9 33 29 23
5 10 5 0 1 17 1 13 1 7 0 2 1 21 1 7 2 32 18 33
16 5 6 5 6 0 31 0 5 16 6 4 0 5 16 6 0 4 0 21
32 30 1 3 12 0 12 3 7 3 7 1 19 0 13 2 8 33 20 33
23 32 23 27 2 0 31 24 25 23 25 24 27 2 27 23 25 23 29 26
20 33 31 28 31 25 24 25 31 25 31 24 25 23 33 32 18 32 22 32
33 13 3 7 1 3 0 2 28 33 19 1 21 0 12 3 7 0 5 16
2 0 21 0 6 5 0 21 0 11 0 10 0 7 0 19 33 15 33 22
7 2 1 13 2 13 1 3 0 8 33 27 33 14 33 19 0 10 4 10
14 32 33 28 2 28 2 8 0 17 0 3 1 3 0 11 0 10 5 10
3 13 3 7 1 21 1 30 33 31 25 24 31 28 2 1 3 1 0 19
0 21 1 17 0 1 0 1 2 0 17 0 17 0 5 16 6 16 5 0
13 33 29 33 26 33 28 2 3 12 0 19 1 21 0 11 0 2 3 0
21 0 21 0 5 6 5 6 4 6 0 5 10 0 3 0 7 1 0 21
23 32 15 33 15 32 2 32 18 32 33 18 33 8 30 8 0 6 5 10
28 2 1 21 1 30 8 33 26 33 15 33 8 2 13 0 12 0 4 10
24 31 33 9 33 15 33 9 33 26 29 32 29 23 32 14 33 15 32 30
5 0 3 7 0 11 0 6 0 12 3 1 30 33 18 32 22 32 2 9
9 2 0 17 0 2 9 2 13 33 13 0 13 33 15 33 28 31 28 31
4 6 5 0 4 6 16 6 4 10 4 0 3 0 1 2 9 33 30 32
31 28 2 8 30 32 31 28 2 9 2 9 33 13 0 17 0 2 8 33
32 18 33 29 33 23 25 31 33 19 0 3 12 0 17 1 30 32 30 8
22 33 15 33 27 2 28 31 32 33 29 32 18 32 23 32 20 33 23 25
11 0 1 2 13 1 3 1 17 0 5 6 0 10 4 6 16 6 16 6
12 0 2 8 32 31 25 31 33 18 33 8 32 33 8 30 33 14 32 18
25 24 27 23 29 33 14 33 28 2 8 30 1 0 8 2 27 23 29 32
8 2 27 23 32 31 32 23 29 26 29 23 33 20 32 2 27 33 23 32
15 32 30 33 32 2 3 13 1 19 33 8 30 33 9 2 8 0 8 32
20 33 14 33 18 32 31 25 23 33 29 26 33 29 23 32 2 3 7 2
14 32 15 32 30 33 9 2 28 31 24 31 28 2 0 31 32 30 1 19
17 1 21 0 7 3 2 32 2 1 30 32 15 33 14 33 27 33 26 33
10 4 10 0 5 6 0 12 0 2 8 0 7 0 4 0 1 3 7 2
26 33 30 33 32 22 32 33 15 32 18 32 33 9 2 27 23 25 23 25
0 19 33 22 33 32 14 33 14 33 23 25 23 33 22 33 18 33 14 32
33 13 0 19 33 23 25 23 25 24 31 33 28 31 33 31 33 22 32 8
1 2 13 1 7 0 8 2 8 33 23 32 22 32 8 30 32 30 1 21
18 33 29 23 25 31 0 12 3 1 3 12 0 31 0 12 0 1 2 0
30 33 31 25 31 33 26 29 33 14 33 18 32 2 27 24 25 24 25 24
27 33 14 32 23 29 32 15 32 23 29 23 29 33 20 32 30 33 27 24
2 7 1 21 0 4 0 21 0 3 13 33 14 32 22 32 23 27 24 27
13 0 11 0 31 28 2 8 33 22 32 23 33 32 8 2 13 3 12 3
7 0 7 3 13 33 9 33 22 33 19 1 3 12 0 19 0 3 0 13
29 23 29 23 33 15 32 18 33 18 32 22 32 22 32 22 32 22 32 22
16 6 0 7 0 19 1 30 8 32 22 33 15 32 29 32 29 33 8 32
6 0 2 13 33 13 0 19 33 30 33 31 33 28 2 9 2 3 0 2
19 1 30 33 19 1 30 1 17 0 8 30 32 23 33 13 3 2 28 31
3 13 2 32 8 33 20 32 22 32 30 32 33 32 33 19 1 3 2 9
11 0 10 4 6 0 2 8 0 3 13 0 11 0 5 0 4 0 4 6
5 0 4 0 17 1 19 1 21 1 17 0 10 5 10 5 6 5 10 5
33 15 33 18 33 23 29 33 14 32 15 32 15 32 18 32 20 33 29 32
0 10 5 0 19 0 19 33 15 33 19 0 31 0 17 1 13 0 4 6
32 33 14 32 8 0 4 6 0 3 13 1 30 33 29 23 27 24 31 28
22 33 28 31 24 25 23 27 2 32 29 33 29 32 8 32 8 2 1 21
28 33 27 23 27 24 31 28 33 13 0 12 3 0 10 5 0 10 5 16
29 26 33 32 22 32 15 32 33 14 33 28 31 32 23 25 24 27 24 31
23 33 30 8 0 2 32 30 8 2 28 2 8 32 14 33 8 33 32 20
26 33 27 23 25 31 0 12 3 1 30 32 22 32 31 33 20 33 23 32
9 33 29 32 18 32 18 33 22 33 30 8 30 1 2 0 31 32 15 33
4 10 4 0 2 3 12 0 1 0 5 16 5 16 5 0 7 3 13 1
1 30 33 26 33 32 30 1 21 0 4 10 4 6 0 13 1 21 1 19
20 32 14 32 33 27 33 23 27 24 27 24 31 32 14 33 19 1 13 0
25 23 32 2 32 30 32 31 33 26 33 13 2 3 2 32 30 32 15 32
12 0 1 21 0 17 0 1 7 2 7 3 13 33 27 2 27 2 27 24
6 0 19 1 7 2 9 33 26 33 19 33 31 0 8 2 0 19 33 8
2 0 12 3 12 3 1 13 1 7 3 12 0 31 24 31 28 31 24 31
13 3 1 21 1 3 1 19 33 20 33 18 33 26 29 33 14 32 15 32
14 33 14 33 28 33 29 33 26 29 32 31 32 29 32 15 32 30 1 2
19 1 19 33 30 32 30 32 18 32 8 33 13 0 7 0 12 0 2 13
15 33 22 32 23 33 30 8 30 1 3 12 0 6 5 0 3 1 2 8
30 33 26 33 31 32 31 0 21 0 12 0 5 16 6 5 10 5 0 12
3 13 0 21 0 19 0 13 1 13 3 1 17 1 21 1 19 0 13 0
17 1 21 1 7 2 27 24 31 32 20 33 23 29 23 29 32 8 33 27
21 1 17 1 21 0 6 4 0 2 9 2 7 3 7 2 13 33 19 33
8 32 30 33 29 23 27 2 8 0 8 2 7 2 1 19 33 30 32 29
27 2 3 7 2 1 7 1 7 3 12 0 2 13 1 2 1 19 0 5
10 0 21 0 6 16 5 16 5 6 0 6 16 6 0 10 4 6 16 5
24 31 33 22 33 23 29 32 15 33 15 32 2 32 8 2 1 0 11 0
7 1 2 28 31 25 31 32 18 32 22 33 9 2 28 31 28 31 24 27
31 32 30 32 8 0 5 0 6 0 8 2 8 0 19 33 23 27 23 29
16 5 10 5 6 5 10 5 16 5 10 0 6 0 12 3 7 3 7 1
18 33 19 33 9 2 27 2 3 0 1 21 1 7 3 1 3 2 0 17
23 32 29 32 18 32 2 9 33 28 33 32 29 32 14 32 31 28 33 9
8 30 32 29 26 33 13 1 21 1 13 3 2 13 1 3 0 13 2 7
29 33 15 33 13 1 3 7 0 10 0 17 1 17 1 2 0 19 1 3
26 33 8 32 30 8 32 30 8 30 33 19 0 12 0 7 0 4 0 4
14 32 14 32 23 33 14 32 29 26 33 32 23 25 24 27 2 27 2 28
12 3 0 13 3 12 3 12 0 8 32 30 33 8 0 3 0 12 0 31
32 29 33 23 27 24 25 24 25 31 33 31 25 31 28 2 13 1 0 10
0 19 0 2 28 31 33 13 0 7 3 2 7 1 30 1 13 3 0 3
33 13 2 3 2 9 2 8 32 23 33 31 25 24 25 24 25 23 29 26
21 1 3 13 2 28 31 25 31 32 14 32 15 33 32 14 33 28 33 14
4 10 0 10 4 6 5 0 7 0 2 7 1 2 28 31 28 31 28 31
30 33 23 25 24 25 31 25 24 25 31 32 2 1 7 1 2 27 23 25
2 9 2 9 33 18 33 32 18 33 9 2 8 30 33 22 33 30 33 15
24 25 31 0 2 0 3 1 19 1 7 0 13 3 2 28 2 27 24 25
19 1 17 1 13 3 12 3 12 0 11 0 17 1 19 0 3 13 33 19
5 0 8 33 15 33 19 0 8 32 20 32 22 32 18 32 33 27 23 25
16 6 5 6 5 6 4 10 0 17 1 2 7 1 0 11 0 12 0 10
9 33 29 32 29 33 19 33 9 33 9 33 31 0 19 0 8 2 32 23
13 0 17 0 6 0 10 5 0 3 2 8 2 7 0 12 3 13 33 23
1 21 1 17 0 10 4 10 0 17 1 0 7 3 2 1 30 1 7 2
25 24 27 2 9 33 27 33 28 31 0 5 10 4 0 21 0 5 16 5
10 4 6 16 5 10 4 0 17 1 19 33 26 33 15 32 31 24 25 31
18 33 31 33 18 33 27 24 27 24 27 24 27 23 27 24 27 2 3 7
3 12 3 2 13 3 0 19 0 3 7 1 21 0 19 33 13 33 20 33
22 32 31 25 23 29 26 29 33 30 1 30 8 2 1 13 3 1 7 2
31 32 23 29 23 33 32 14 33 13 2 1 17 1 3 7 2 13 3 2
7 2 3 12 0 12 3 13 33 28 33 23 32 29 26 29 23 25 24 27
6 16 5 0 6 0 1 30 33 29 23 27 24 27 33 14 33 22 33 18
27 23 25 23 32 22 33 13 2 0 11 0 5 6 5 6 5 0 11 0
28 2 27 24 27 23 27 33 26 33 31 24 27 23 29 26 33 22 32 8
11 0 19 33 30 33 14 32 23 29 32 29 32 14 33 13 2 1 19 0
20 33 27 23 27 33 26 33 8 32 20 32 14 33 29 26 29 26 33 20
15 33 22 32 31 24 25 31 32 20 33 23 29 26 29 26 29 23 32 14
17 0 4 0 8 2 27 23 25 31 0 19 0 7 0 4 6 16 6 4
6 5 10 4 0 10 4 6 5 6 16 6 4 6 16 5 6 16 5 6
12 3 7 1 0 4 6 16 6 16 6 16 5 0 3 7 1 21 0 31
22 33 15 33 22 33 30 33 9 2 8 30 33 15 32 23 27 24 25 24
17 0 8 30 32 14 32 2 8 33 27 33 20 32 23 25 23 25 24 31
7 2 27 2 7 1 19 33 23 32 23 27 2 8 0 4 10 5 10 4
29 32 8 33 31 25 24 27 23 33 32 15 33 23 29 26 29 26 29 23
10 5 16 6 5 0 12 0 19 0 8 30 8 33 8 2 8 32 20 32
32 22 33 29 26 33 30 33 15 32 30 33 20 33 8 32 30 33 31 25
31 32 31 28 31 33 26 33 13 2 28 2 8 30 8 33 14 33 29 32
28 2 13 1 30 32 2 28 33 18 32 22 32 15 33 26 33 26 29 33
11 0 1 17 1 3 13 0 13 3 1 19 0 1 13 1 2 9 2 27
2 27 33 29 26 29 32 18 32 22 32 18 33 30 8 30 32 23 33 22
9 2 27 33 28 33 27 2 28 33 13 0 8 0 19 0 21 1 7 3
20 32 22 33 20 33 27 33 32 2 7 3 1 0 21 0 13 3 2 0
27 2 27 2 3 1 7 2 32 31 0 13 0 31 33 13 33 9 2 0
25 23 33 29 32 22 32 23 33 29 33 9 33 30 32 2 8 32 23 27
23 33 13 2 27 23 32 14 32 15 32 23 29 33 20 33 20 33 15 33
24 25 24 27 33 28 2 32 30 32 8 32 31 32 15 33 22 32 29 32
15 33 29 32 8 2 13 2 9 33 32 23 32 14 32 22 32 31 28 31
0 17 0 10 4 0 5 6 4 10 4 10 5 10 4 0 17 1 7 2
18 33 26 29 32 15 32 22 33 14 32 14 32 8 2 28 31 24 31 24
21 0 13 0 13 3 2 13 33 22 32 22 32 18 33 26 33 20 33 9
13 3 13 1 21 0 17 1 17 1 13 33 14 33 26 29 33 28 33 14
5 16 5 10 5 0 12 0 11 0 12 0 10 4 6 4 10 4 10 5
33 29 33 13 0 7 1 19 0 17 0 2 28 31 32 33 18 33 26 33
1 21 0 1 21 1 17 1 13 3 2 13 0 1 30 1 17 1 0 21
26 33 27 2 1 0 19 1 13 0 6 4 10 0 4 6 0 6 5 6
14 33 28 31 0 6 4 6 4 6 16 6 5 0 7 2 32 8 33 27
19 0 8 32 22 33 27 2 28 33 14 32 31 32 20 33 20 32 23 25
3 12 3 7 0 10 0 11 0 4 10 0 1 3 0 21 0 10 5 6
8 33 28 33 19 0 2 32 14 32 2 13 33 32 29 23 29 26 29 26
16 6 16 5 6 5 0 4 10 0 11 0 5 0 2 1 21 0 11 0
4 6 0 1 17 0 4 10 0 21 0 2 7 0 3 13 33 29 33 9
30 8 33 20 32 31 32 14 33 9 33 15 32 23 27 2 13 0 10 5
8 32 29 32 2 28 33 18 32 29 32 20 33 9 2 7 2 1 2 7
16 6 5 16 5 6 4 10 4 6 5 16 6 16 5 0 5 16 6 5
4 0 8 30 8 30 8 33 26 33 19 0 4 0 2 28 33 14 33 9
10 4 0 2 1 2 8 2 3 13 2 1 2 9 33 14 33 14 32 33
31 24 27 24 25 31 0 5 0 7 1 30 33 14 32 22 32 14 32 2
21 1 3 13 2 8 2 1 0 6 0 4 0 4 0 6 0 1 2 32
15 32 14 32 8 32 8 2 32 15 33 20 33 31 24 31 25 24 27 23
33 29 26 33 32 29 32 33 9 33 18 33 8 32 14 32 33 13 1 17
3 7 0 19 33 27 24 27 2 0 19 33 32 18 33 26 29 26 33 23
7 3 13 3 13 2 28 33 9 33 29 32 33 22 32 33 23 27 24 31
14 33 20 32 23 33 14 33 8 33 32 29 32 14 33 14 33 30 1 7
6 0 1 21 0 10 4 6 5 6 0 13 33 23 27 23 33 13 2 0
13 3 13 33 20 33 23 27 24 25 31 24 27 23 25 24 27 23 33 15
5 6 4 6 5 16 5 0 13 3 13 3 12 3 13 3 2 28 31 24
2 0 19 33 32 15 33 15 32 30 1 17 0 21 0 19 33 23 32 15
20 33 32 15 32 29 33 8 33 18 33 18 33 14 32 23 33 8 33 30
11 0 8 0 17 0 11 0 1 3 12 0 6 5 16 6 5 6 16 5
18 33 31 25 31 24 25 23 33 27 24 25 24 31 24 25 31 0 5 10
26 29 32 33 29 32 31 28 2 8 2 32 23 25 24 25 31 32 30 33
9 2 1 19 1 2 28 2 3 2 32 23 33 32 31 0 10 5 0 1
32 30 8 30 8 32 30 33 28 33 30 33 27 24 25 24 25 23 29 26
27 33 13 2 28 31 28 33 28 31 24 27 2 8 30 32 30 1 0 8
25 24 25 31 25 31 25 23 25 24 31 28 2 32 18 33 13 0 3 1
23 33 19 33 14 33 22 33 14 32 33 13 0 11 0 19 33 20 33 8
22 32 2 27 24 31 33 28 31 28 33 9 33 30 1 19 33 27 2 0
1 17 0 10 4 6 16 5 16 6 16 6 5 16 6 5 10 0 31 33
19 0 12 3 2 13 2 0 31 33 20 32 15 33 18 33 26 33 26 33
24 31 33 9 33 18 33 9 2 8 33 27 33 14 32 30 8 33 27 33
17 1 21 0 2 7 1 17 1 13 3 1 17 0 5 0 11 0 3 7
0 31 25 23 29 32 14 33 28 33 27 2 7 3 12 0 8 0 12 3
12 3 7 2 0 17 1 3 1 13 3 13 33 8 2 13 0 17 0 19
30 1 3 12 3 1 7 2 0 13 2 0 31 0 2 0 12 3 12 3
29 26 33 28 33 26 29 33 14 33 15 33 22 33 22 32 20 32 14 33
28 31 33 27 23 29 23 32 30 33 19 1 30 33 13 1 3 12 0 19
22 33 13 1 2 7 1 19 0 19 33 14 33 30 1 17 1 13 2 32
27 23 27 24 31 33 27 24 25 31 28 33 28 2 8 32 14 32 30 32
33 8 33 9 2 1 7 3 7 0 7 1 0 1 7 0 31 24 27 24
23 32 33 26 33 32 29 33 13 2 3 7 0 2 32 23 33 27 23 25
12 3 1 19 1 2 9 2 13 3 0 8 30 8 32 33 27 23 33 28
32 33 32 18 32 15 32 2 32 22 32 15 33 8 2 9 2 28 2 13
0 12 0 4 10 5 16 6 16 5 10 4 6 4 6 0 3 1 17 1
2 27 24 31 24 25 23 25 24 25 31 24 25 24 31 0 2 9 2 1
21 1 30 33 23 32 29 32 29 23 33 26 33 28 2 0 7 1 19 1
18 32 29 26 33 8 32 8 32 23 29 26 33 27 23 33 20 32 33 28
20 32 2 1 21 1 21 1 2 13 2 32 29 26 29 33 26 33 30 33
30 33 8 33 14 33 14 32 23 32 18 32 30 32 2 8 30 8 32 20
24 25 24 27 33 32 30 1 19 0 3 7 0 4 6 0 10 4 10 4
17 1 7 0 13 1 0 1 2 32 22 32 20 33 28 33 28 31 33 23
8 0 3 2 28 2 27 24 25 24 27 33 13 33 20 32 8 32 8 33
1 0 1 21 1 13 0 12 0 13 33 32 29 26 33 20 33 26 29 33
16 5 6 16 6 5 10 4 10 4 0 5 6 5 16 6 16 6 5 16
25 24 31 28 33 15 33 19 1 2 1 21 0 3 7 0 6 0 8 2
28 2 3 13 0 2 0 10 0 5 6 5 10 5 16 5 0 4 10 5
10 4 6 16 6 0 6 5 6 4 10 5 6 16 5 16 6 5 6 5
11 0 3 2 32 33 29 23 32 18 33 18 33 31 32 22 32 22 33 18
15 33 8 32 33 31 0 12 3 13 1 19 33 15 32 22 33 27 23 33
19 0 12 0 5 16 6 4 6 5 16 6 5 0 5 16 6 0 6 4
7 3 0 2 13 33 18 32 15 33 20 33 28 33 30 33 18 32 30 1
31 24 27 2 9 2 3 13 33 20 32 30 1 13 3 2 13 3 7 3
29 32 22 33 29 26 29 32 20 33 8 33 27 33 15 33 31 33 22 32
26 33 20 32 22 33 9 33 22 32 22 32 22 32 8 30 1 2 0 7
9 2 3 0 8 2 28 2 32 15 33 26 29 23 32 2 7 0 3 2
13 1 3 13 3 2 28 31 0 8 33 29 33 28 31 33 22 32 15 33
5 6 5 16 5 0 11 0 31 0 3 1 3 2 0 2 28 2 9 2
3 13 3 13 0 1 13 33 27 24 31 28 2 32 2 3 0 4 6 0
4 6 5 0 8 33 27 24 31 0 31 24 25 23 29 26 29 23 32 22
6 4 10 5 0 10 4 6 4 0 17 0 11 0 10 5 6 0 17 0
14 32 14 32 2 13 1 30 8 33 9 2 3 13 3 12 3 0 12 0
31 0 11 0 4 10 0 13 2 27 24 31 24 27 33 29 23 25 24 25
33 15 33 31 0 7 3 0 12 0 17 0 17 1 2 9 33 15 33 29
20 33 8 0 13 1 2 3 2 7 3 1 3 1 17 0 8 2 9 33
2 0 17 0 7 2 1 0 2 1 3 1 30 33 22 33 22 32 30 32
6 16 6 4 6 16 6 4 10 5 10 5 10 4 0 8 2 9 2 1
28 33 14 32 14 33 22 33 28 2 13 33 31 33 20 32 14 33 30 8
32 18 33 32 15 33 14 32 2 0 3 13 33 28 33 15 33 23 32 15
21 1 7 2 8 30 33 9 2 7 3 2 9 33 9 33 32 2 28 2
11 0 17 0 8 2 28 33 18 32 18 33 8 2 13 3 2 32 30 33
13 33 14 32 15 32 18 32 30 33 14 32 31 28 31 24 27 2 9 2
23 33 15 33 32 14 33 29 23 25 31 24 31 25 23 27 33 31 32 15
3 1 0 4 6 16 5 10 0 1 13 2 1 3 12 0 11 0 3 2
12 0 11 0 6 5 6 16 5 16 5 0 5 6 4 6 4 6 5 6
16 6 4 6 5 6 5 16 6 4 0 11 0 11 0 17 1 0 5 6
27 24 25 24 31 33 15 33 14 33 14 33 30 1 21 0 12 0 6 5
10 5 16 6 5 6 5 16 6 0 6 16 6 16 5 6 4 0 19 1
1 30 8 0 6 5 16 6 0 8 2 0 21 1 30 8 33 31 25 23
4 0 12 3 7 3 13 1 13 33 23 25 24 31 0 2 13 2 27 33
9 2 9 33 22 33 23 25 31 33 14 32 15 32 22 32 18 32 33 13
7 1 3 12 3 0 19 33 22 32 22 32 33 23 25 24 27 23 33 32
14 33 31 32 14 33 19 0 13 1 30 1 3 12 3 13 3 12 0 19
22 33 18 33 30 33 29 33 14 32 20 32 14 33 32 29 26 33 30 33
19 0 3 13 33 9 33 9 2 8 0 21 1 3 7 1 3 2 9 2
24 31 33 20 32 23 33 14 33 31 24 27 24 25 23 25 23 27 33 14
25 31 33 9 33 22 32 18 32 20 32 15 33 9 2 13 0 10 4 0
29 26 29 23 27 23 33 29 33 28 31 32 22 33 31 33 26 29 23 29
17 0 1 7 2 8 32 18 32 29 33 30 32 22 33 20 33 22 33 13
0 5 0 13 33 28 31 28 2 7 2 9 2 0 3 1 17 1 21 0
18 32 30 32 33 23 25 23 29 33 15 32 23 25 23 27 2 9 33 31
30 33 9 2 13 33 22 32 31 25 31 33 26 29 33 27 23 32 14 32
8 30 32 23 32 14 32 15 33 29 26 33 32 14 33 31 33 26 29 23
5 16 5 16 6 0 2 1 2 32 22 33 29 32 22 33 28 2 32 14
15 33 19 1 2 0 3 13 3 7 3 0 5 10 4 0 31 24 31 24
26 29 32 2 1 21 0 12 3 12 3 12 3 0 19 33 9 33 23 29
23 29 32 2 0 31 25 24 31 25 24 27 23 29 33 19 1 0 13 33
16 6 16 5 0 10 5 0 17 0 4 0 10 5 0 10 5 0 12 0
13 3 12 0 31 28 31 24 25 23 32 14 32 15 32 30 33 9 2 0
11 0 10 4 10 0 21 0 12 3 2 9 2 13 1 30 32 14 33 32
12 3 0 17 1 30 1 21 0 3 1 21 1 30 33 31 0 11 0 2
21 0 12 0 11 0 31 25 23 27 2 28 2 0 5 10 0 13 1 0
32 31 28 33 8 0 6 4 0 8 32 14 33 30 32 14 33 30 32 22
3 1 19 33 27 2 1 7 1 19 33 15 33 13 0 7 1 7 3 1
20 32 30 8 2 9 2 32 8 0 21 1 0 4 10 4 6 5 6 0
8 33 18 33 23 29 32 29 33 30 33 15 33 27 2 1 21 0 21 1
2 13 1 2 8 0 2 3 0 10 4 10 5 10 0 4 10 4 0 1
29 23 32 20 32 23 32 29 23 25 31 0 2 7 0 1 2 1 2 3
26 33 23 25 23 29 32 29 33 23 27 23 27 2 13 2 3 7 3 1
19 1 2 3 13 2 7 0 1 2 3 13 3 1 3 7 0 5 6 16
7 0 12 3 1 21 0 12 3 1 3 0 11 0 21 1 30 1 0 6
14 33 29 23 27 23 27 33 29 23 33 23 29 32 22 33 15 32 22 33
17 0 4 10 5 10 0 8 30 33 13 0 7 3 13 2 0 17 0 5
22 32 15 32 18 33 30 33 32 29 33 29 32 33 26 33 26 33 14 33
28 31 28 31 28 33 30 33 14 33 27 33 18 32 8 30 1 3 0 3
18 32 15 33 9 33 22 33 14 33 31 28 33 26 29 32 29 23 25 31
30 33 28 2 13 33 22 32 14 33 26 33 29 33 15 33 29 33 32 8
15 32 15 33 18 32 20 33 23 33 22 33 20 33 20 32 31 33 19 0
6 16 6 0 2 27 33 8 0 6 4 6 5 10 0 21 1 2 28 33
24 25 31 0 17 0 13 0 7 3 13 1 19 1 17 0 7 2 8 33
33 26 29 33 23 27 33 20 33 29 26 33 15 32 23 29 33 23 29 26
0 19 33 32 2 9 2 8 30 8 2 8 33 26 29 26 33 19 1 30
27 2 32 20 33 27 23 27 23 33 28 33 28 31 32 22 33 26 29 26
25 23 32 15 32 23 32 30 32 23 33 27 23 25 23 32 2 0 8 30
9 2 1 3 1 30 33 22 32 2 3 13 0 4 6 4 10 0 2 32
1 13 2 0 11 0 6 4 0 4 10 0 2 1 30 33 15 33 18 33
31 33 31 32 18 33 23 27 24 27 33 14 32 33 29 32 30 1 19 1
4 0 2 27 2 13 2 28 33 14 33 22 32 15 33 28 33 20 32 30
10 4 6 16 6 5 16 5 0 17 0 10 4 0 31 25 24 25 24 27
5 16 6 0 6 5 0 10 5 10 5 16 5 6 5 16 6 5 0 1
12 3 13 3 2 13 1 0 19 0 21 0 2 32 15 32 20 33 8 2
31 32 31 24 27 33 18 33 30 33 29 26 29 32 2 27 24 27 2 8
19 1 19 0 4 10 4 6 5 6 0 8 32 15 33 9 33 18 32 15
24 31 33 30 8 32 14 33 19 1 30 33 18 32 18 32 2 9 2 7
2 32 33 9 2 8 0 4 0 12 3 7 2 1 19 33 9 2 27 23
26 29 32 15 33 31 25 23 27 24 25 24 31 32 20 33 13 2 0 4
0 17 1 19 0 21 1 3 0 2 1 0 8 2 0 8 32 2 28 2
4 6 16 6 0 7 1 17 0 17 0 31 32 30 1 13 2 28 31 24
6 0 2 1 30 1 7 1 30 8 2 0 8 0 12 3 13 2 3 13
11 0 2 7 2 9 33 19 1 2 32 18 33 32 31 33 8 33 18 33
7 3 7 1 30 32 22 32 20 32 30 1 13 3 0 11 0 2 1 30
5 10 0 21 1 19 0 11 0 2 7 2 8 2 28 33 19 0 2 13
14 33 18 32 29 23 27 33 8 33 27 23 27 2 32 33 15 32 22 32
10 0 12 3 12 3 13 33 26 33 23 27 2 0 12 0 5 6 16 5
8 30 33 30 32 29 26 33 18 32 23 29 32 29 32 30 32 8 30 8
30 8 2 7 1 19 0 31 32 23 33 18 32 8 0 2 9 33 14 33
25 23 33 22 32 30 8 33 19 0 3 7 2 3 1 0 5 6 5 6
16 5 0 7 3 0 12 0 2 0 3 1 30 8 30 32 15 32 23 29
15 33 18 33 32 2 27 24 27 24 27 23 29 32 20 32 33 30 33 15
32 23 32 20 33 19 0 19 0 19 33 29 32 14 32 2 13 33 28 33
3 12 0 19 33 26 29 23 29 33 26 33 28 33 31 24 27 2 1 3
29 23 33 30 1 3 7 2 9 33 15 32 20 32 30 32 22 32 22 33
22 32 23 32 30 1 3 1 0 12 0 3 0 19 0 19 0 3 2 9
28 33 22 33 29 26 29 32 23 27 23 29 33 23 25 24 31 32 30 32
27 24 25 31 25 31 25 31 33 28 33 18 33 8 0 19 1 3 2 9
18 33 18 33 31 0 12 3 2 1 21 0 13 0 8 33 19 33 9 2
23 27 33 8 2 8 0 13 1 3 13 2 3 13 0 8 32 8 32 30
33 14 33 26 29 26 29 23 25 24 31 25 24 25 31 24 27 24 25 24
1 7 2 3 1 7 2 28 2 28 33 19 0 1 13 0 1 13 1 7
13 1 19 0 13 0 2 8 30 8 30 32 18 33 22 32 22 32 15 33
17 1 30 33 15 33 9 33 19 33 30 1 30 33 19 33 27 23 27 2
20 32 8 30 1 30 8 0 13 33 15 33 20 33 9 2 7 0 7 3
9 33 8 30 8 2 28 31 24 27 23 29 26 33 31 32 14 33 28 2
21 1 7 1 17 1 0 1 19 1 13 33 8 33 18 32 15 32 33 23
0 19 1 17 0 13 33 13 1 7 0 11 0 5 16 6 16 5 10 4
3 13 3 0 17 0 1 0 4 10 5 0 17 0 3 7 1 21 1 3
13 1 21 1 0 3 13 2 27 33 27 24 27 24 31 24 31 24 27 2
31 33 29 32 29 26 33 19 1 19 33 29 23 29 33 27 24 27 33 32
6 0 4 0 2 9 33 27 33 14 32 33 31 25 31 33 31 32 15 32
14 33 18 32 20 33 13 1 13 2 28 31 32 18 32 15 33 30 1 3
16 5 6 4 0 5 10 5 16 6 16 5 6 4 0 21 0 31 33 32
29 23 32 22 33 28 33 19 1 30 33 28 2 27 2 9 2 13 1 13
22 32 22 33 23 32 14 32 22 32 33 19 1 19 33 19 1 0 21 1
5 0 17 0 17 0 13 33 30 33 26 33 28 33 14 33 30 32 31 25
32 23 25 31 24 27 33 27 23 32 8 0 7 1 3 7 1 7 0 6
9 33 19 33 32 30 1 3 7 0 4 0 6 4 0 2 32 31 32 18
18 33 20 32 18 33 26 29 33 20 33 19 33 18 32 29 33 22 33 28
8 30 1 13 0 5 10 4 6 0 11 0 11 0 5 16 6 5 6 16
26 29 23 32 31 32 8 32 22 32 14 32 18 33 22 32 8 2 0 4
12 3 0 3 7 1 13 1 17 1 13 0 21 0 10 0 10 5 0 4
30 1 3 1 0 11 0 7 0 10 5 10 5 10 4 10 5 6 5 16
1 17 1 17 0 3 1 0 1 30 32 14 33 29 33 13 0 1 19 1
21 0 12 0 12 3 13 0 5 16 6 0 2 28 33 28 31 32 18 32
2 9 2 28 31 24 31 33 20 32 33 13 1 7 3 13 2 8 0 17
17 0 8 33 14 32 29 33 15 33 30 32 2 32 14 33 29 26 33 22
28 33 28 2 3 0 11 0 5 6 5 16 6 4 0 4 0 2 7 3
27 23 25 31 33 26 29 26 33 19 0 11 0 19 1 13 2 1 13 33
4 10 4 10 4 10 0 10 5 6 16 5 0 3 7 0 7 0 21 0
10 4 0 10 4 10 5 0 31 32 22 33 19 1 13 33 27 24 27 23
33 19 0 12 0 13 3 0 3 13 2 28 31 33 20 33 22 33 23 29
11 0 13 2 32 15 33 28 33 31 24 25 24 31 28 2 32 29 32 33
19 33 31 24 27 2 13 0 17 1 7 1 0 1 19 0 31 28 33 20
20 33 15 32 18 32 20 32 31 32 20 33 8 2 13 2 3 2 28 33
15 32 18 32 18 32 22 33 26 29 33 20 33 29 33 18 32 22 33 18
24 31 25 24 31 33 31 0 12 0 6 16 5 6 4 6 5 16 6 4
25 23 27 23 29 26 33 19 1 17 0 31 0 11 0 12 0 2 13 1
23 25 31 32 22 32 29 32 20 33 8 30 33 30 32 2 13 1 0 31
7 3 0 19 33 30 1 21 0 3 13 1 7 2 27 23 33 29 33 23
26 33 26 29 26 29 26 33 28 31 28 2 8 30 33 26 29 33 26 33
0 3 2 9 33 15 32 2 8 32 33 14 32 23 29 33 18 33 13 2
23 29 33 8 0 11 0 2 9 2 0 2 7 3 12 3 1 30 1 3
9 33 14 32 22 32 23 29 23 27 23 25 31 24 27 23 33 26 29 23
6 0 21 1 0 5 10 0 5 0 21 1 30 8 0 7 2 8 32 14
13 1 0 4 0 3 7 3 2 3 7 2 0 12 3 0 10 5 6 4
1 21 1 21 1 2 32 18 33 29 32 20 32 33 9 2 8 32 30 1
29 33 31 33 9 33 15 33 14 32 20 32 2 27 24 25 23 32 30 32
8 2 32 23 33 18 32 18 32 33 23 27 33 9 33 29 26 33 20 32
3 1 3 13 2 1 30 1 13 3 12 0 2 32 30 32 14 32 20 33
17 0 21 0 10 0 8 32 20 33 27 2 9 2 0 19 0 4 10 4
19 0 13 33 29 26 29 32 8 33 29 32 22 33 26 29 32 15 32 33
31 24 25 24 31 28 31 24 25 23 27 24 25 23 27 33 18 33 32 29
24 25 23 25 23 25 31 33 8 2 27 33 32 14 33 32 31 32 22 33
11 0 12 0 4 6 16 5 0 21 0 21 0 2 9 33 22 32 8 2
2 27 24 31 25 24 27 33 32 15 32 14 33 18 33 32 18 32 18 32
21 0 21 1 0 1 17 1 17 1 3 13 1 19 0 8 0 1 21 1
15 33 18 33 29 23 29 26 29 26 29 33 29 26 29 33 15 33 31 28
12 3 0 7 3 13 2 32 29 32 30 32 29 33 27 23 25 31 33 29
14 33 32 22 32 18 32 2 1 0 5 6 4 6 16 5 0 3 7 1
16 6 0 8 0 7 3 12 3 2 8 0 1 0 3 13 33 9 2 0
5 6 5 0 1 13 0 12 3 1 21 0 21 0 6 16 5 6 5 6
22 32 29 33 29 33 9 33 18 32 2 1 3 2 7 3 2 3 1 21
18 33 19 33 20 32 23 32 15 33 22 32 30 33 26 33 13 0 12 3
4 10 4 6 4 10 5 0 4 0 6 0 19 0 8 0 13 3 7 0
7 1 30 8 30 33 20 32 15 32 23 32 14 32 8 0 21 0 12 0
32 18 33 18 32 14 32 14 32 14 32 31 33 32 8 33 22 33 23 32
30 1 7 2 13 2 32 30 8 30 32 18 32 14 33 30 1 7 2 27
10 5 16 5 0 4 10 5 10 0 2 1 30 1 0 11 0 31 0 31
20 32 8 32 22 33 29 26 33 31 32 18 33 30 8 2 28 31 33 31
27 33 22 33 9 33 22 32 18 33 8 32 15 32 31 0 13 0 12 0
25 24 27 2 28 33 20 33 27 33 15 32 14 33 19 33 31 33 13 0
28 33 18 33 26 29 33 22 33 29 26 33 13 0 3 0 12 3 12 3
33 18 32 8 30 8 30 32 8 2 13 1 3 1 7 0 8 0 1 13
9 33 9 33 13 2 7 0 10 4 10 0 1 19 33 27 33 8 2 3
12 3 0 8 0 10 5 6 0 31 0 31 25 24 27 23 33 27 2 27
3 13 0 21 1 17 1 21 1 30 33 32 14 33 19 1 3 13 0 4
21 1 30 1 19 33 30 32 30 1 7 3 1 19 33 8 33 15 33 28
13 1 17 0 5 10 0 21 0 4 10 5 16 5 6 0 1 19 33 20
30 33 30 1 7 2 13 2 0 5 6 5 16 5 0 8 33 22 33 18
5 0 11 0 13 1 17 1 30 32 20 32 33 31 25 23 33 19 0 4
8 0 2 28 2 8 0 6 16 5 0 31 28 33 18 32 29 26 29 23
22 32 8 32 29 32 15 33 30 1 13 1 13 1 17 0 10 0 13 3
4 0 19 33 31 33 20 32 15 33 14 32 30 8 32 29 33 26 29 32
10 5 6 5 6 16 6 16 5 10 5 10 5 0 17 0 10 0 10 0
11 0 31 25 24 27 2 27 33 15 32 29 26 33 27 33 13 1 13 0
7 0 21 1 17 1 13 3 7 2 13 3 7 2 13 2 1 2 28 31
18 32 8 33 27 33 23 27 33 27 2 1 0 17 0 11 0 7 0 12
29 32 14 33 26 33 29 26 29 32 30 8 30 33 20 33 20 33 20 32
1 3 1 13 0 5 0 1 19 0 2 0 12 3 2 28 2 8 30 8
16 5 10 4 10 4 10 5 0 2 8 2 13 1 3 0 6 0 6 5
17 0 17 0 6 16 5 16 6 5 16 6 5 10 5 10 0 6 5 10
19 1 7 1 30 32 23 27 33 29 32 33 28 2 3 7 2 9 33 14
15 32 23 32 30 8 32 31 25 23 27 2 27 2 13 1 7 0 5 6
2 8 2 27 33 19 33 27 23 33 30 32 14 32 30 1 30 32 14 33
6 4 6 16 6 0 17 0 8 0 2 3 0 19 0 31 28 2 3 7
31 33 31 33 31 0 7 1 2 9 2 27 23 29 23 29 26 33 22 33
14 32 20 33 19 33 20 33 27 24 25 23 27 2 0 19 1 13 2 3
0 3 2 3 0 17 0 2 32 2 1 30 8 0 2 8 33 8 33 14
23 33 23 25 23 33 23 32 20 33 30 32 22 32 22 33 26 33 9 2
20 32 20 32 8 2 28 33 26 29 26 33 23 27 2 1 0 4 10 5
24 25 23 25 24 27 23 27 23 27 2 9 2 8 33 8 32 23 33 19
32 22 33 32 2 3 0 13 0 1 19 1 17 0 17 0 3 12 3 0
26 29 23 29 26 29 33 28 33 28 33 15 33 31 24 27 2 7 2 1
33 20 32 33 13 33 19 33 15 33 19 0 31 33 14 32 29 23 29 32
27 33 15 32 22 32 33 22 33 23 33 30 33 31 25 31 32 29 33 20
25 24 27 23 29 23 27 24 25 24 27 24 27 33 20 33 26 33 18 33
28 2 32 30 33 15 32 2 1 2 3 0 2 3 13 3 7 2 8 2
27 24 31 24 25 23 29 32 33 8 30 1 3 1 21 0 13 0 6 4
28 31 28 2 8 0 12 0 19 33 18 32 2 0 7 2 27 2 8 33
29 23 29 23 29 23 32 20 33 19 33 13 33 28 2 28 31 28 31 32
6 4 0 5 6 16 6 0 2 28 33 27 33 18 32 30 33 14 32 30
30 32 8 32 14 32 31 28 2 13 1 0 5 6 4 6 0 21 0 6
21 0 17 1 30 32 22 32 20 32 31 32 31 0 1 19 0 17 0 21
9 33 15 33 27 2 8 30 33 26 33 26 33 9 2 0 17 1 21 1
32 23 33 9 33 32 23 32 23 25 31 32 33 31 0 10 0 6 16 6
20 33 8 33 22 32 18 32 2 32 15 32 30 32 8 32 23 29 32 30
24 25 23 27 2 8 30 32 20 33 15 33 27 2 28 2 13 33 14 32
1 0 17 0 11 0 4 10 5 10 4 0 1 7 0 11 0 12 0 10
4 6 0 8 32 18 32 15 32 29 26 33 26 29 32 14 33 32 18 32
22 33 22 33 28 2 0 4 6 16 5 6 16 6 16 6 4 0 21 0
19 33 14 32 8 2 7 3 12 0 17 1 2 9 33 32 2 32 29 32
13 1 30 1 19 1 0 17 0 12 3 13 33 19 1 30 32 15 32 18
11 0 13 33 8 2 0 5 6 16 5 16 5 10 0 5 16 6 5 10
17 1 7 0 7 3 0 21 0 2 1 7 3 13 33 19 1 2 27 23
3 13 0 5 6 0 11 0 31 24 27 2 28 33 22 33 8 30 8 2
7 0 11 0 21 0 7 2 28 2 8 0 2 8 32 31 33 9 33 20
10 4 0 12 3 2 8 0 7 1 7 1 19 33 30 8 0 12 3 12
0 21 0 8 2 7 3 0 1 21 0 19 33 18 32 8 30 33 13 0
14 33 14 32 8 33 20 33 27 2 27 24 25 24 25 31 24 31 24 27
23 29 33 13 3 2 28 33 31 32 2 27 33 18 33 29 33 26 29 32
33 23 32 8 32 18 32 22 33 20 33 29 26 33 18 33 14 32 29 23
31 25 23 32 33 26 29 32 29 23 29 26 29 23 29 33 13 2 27 23
8 32 31 32 15 33 28 2 1 7 0 12 3 0 7 0 21 1 3 0
12 0 4 6 0 4 0 2 1 19 1 0 2 28 31 0 11 0 19 33
15 33 27 23 29 33 9 33 14 32 33 28 31 33 28 31 25 23 27 23
16 6 0 11 0 13 1 13 2 13 0 12 3 0 4 0 19 1 3 13
5 16 6 4 0 6 0 7 3 7 2 28 2 13 1 17 1 0 5 10
26 29 26 29 33 28 33 18 32 2 8 2 0 7 3 0 8 0 1 7
18 33 19 33 15 33 23 27 33 9 2 9 2 8 0 5 0 3 2 13
25 31 28 33 20 32 31 28 31 25 24 31 32 29 26 29 32 23 33 26
2 13 33 8 0 19 1 0 12 3 2 1 21 0 2 8 33 26 29 33
32 2 27 23 33 14 33 9 2 32 29 32 14 33 14 32 33 18 32 31
24 31 25 24 31 25 31 32 20 33 30 1 7 0 13 1 7 2 7 3
17 0 3 2 0 11 0 19 33 31 33 19 0 11 0 31 25 31 32 33
11 0 6 5 16 5 6 0 31 24 31 25 23 33 8 32 30 33 8 2
25 24 31 32 31 32 20 33 26 29 33 14 33 19 1 17 1 30 1 7
22 33 8 2 3 12 3 13 33 31 28 33 22 33 26 29 23 27 24 25
31 33 32 30 8 30 32 22 33 8 0 11 0 3 7 2 27 23 32 29
2 8 0 4 10 5 10 4 6 16 6 0 31 24 25 23 32 22 33 15
13 0 11 0 31 32 29 26 29 33 30 33 26 29 33 8 0 3 0 12
9 33 32 18 33 30 8 32 33 15 32 23 29 26 29 23 25 24 31 0
7 0 13 3 7 3 1 19 33 19 33 30 8 2 32 31 32 33 26 33
30 1 30 1 21 1 30 32 14 33 32 2 7 2 1 19 1 13 33 29
18 33 13 3 7 1 0 2 9 2 13 0 2 9 33 20 33 14 33 20
3 13 2 32 2 1 13 2 0 10 5 0 10 0 2 13 2 1 2 9
33 19 33 23 25 24 25 23 33 28 33 26 33 29 26 33 26 33 31 33
26 33 15 32 23 33 31 0 11 0 10 5 10 0 13 3 13 2 28 2
5 6 5 6 4 6 5 10 5 0 31 0 11 0 10 0 7 0 19 1
0 31 25 24 31 33 22 33 9 33 27 2 28 33 26 33 8 33 32 8
14 33 8 33 22 32 18 32 8 30 33 27 33 22 33 29 23 29 32 31
29 32 22 33 19 33 8 30 32 15 32 15 32 14 33 31 32 23 25 23
12 0 2 1 21 0 3 13 0 12 3 0 7 2 28 2 27 23 32 2
8 33 9 33 13 3 7 1 30 33 15 33 22 32 29 26 29 32 15 33
23 32 33 32 8 30 8 33 8 0 6 0 7 0 6 16 6 0 4 6
19 0 13 0 1 3 2 28 2 32 22 32 15 33 28 2 28 2 0 10
6 16 5 16 6 0 10 0 3 12 3 1 30 32 2 32 14 32 20 32
27 33 30 1 3 12 0 21 1 7 2 9 2 7 1 21 1 19 33 23
15 33 32 18 33 28 33 30 8 32 30 33 30 33 20 33 8 2 13 0
16 5 16 6 0 1 19 0 4 6 16 6 16 6 0 11 0 6 4 10
28 2 27 33 13 33 15 32 18 32 8 33 20 32 23 25 31 24 25 31
4 10 4 0 13 33 19 33 31 0 10 4 6 0 5 10 0 4 0 19
10 4 6 4 10 0 6 16 6 16 5 10 4 0 12 3 7 3 7 3
1 17 1 30 32 8 33 31 24 27 33 15 33 18 33 30 33 20 32 18
20 33 14 32 31 0 31 24 31 25 23 29 23 27 33 13 3 1 2 9
21 1 17 0 31 32 20 32 22 32 22 32 18 33 19 33 28 33 14 32
9 33 14 32 30 32 15 32 18 33 23 25 24 31 28 31 33 18 32 20
4 10 4 0 7 3 0 31 24 27 33 26 33 20 32 18 32 30 8 2
1 13 3 7 3 2 7 1 3 2 28 31 24 31 24 25 24 25 31 25
20 32 33 23 29 32 20 32 15 32 31 32 8 30 1 3 1 21 1 2
25 24 27 24 25 31 25 31 28 31 33 18 32 31 33 27 33 28 33 28
12 0 8 2 1 7 1 7 2 3 0 31 28 31 25 23 32 18 33 29
14 32 14 33 28 33 30 33 23 29 26 33 32 2 0 17 1 19 33 28
30 1 13 33 30 1 3 12 0 6 16 6 16 6 4 0 3 12 3 7
32 2 3 12 0 4 6 0 10 0 4 6 5 0 13 0 21 0 21 0
3 13 2 0 12 0 17 1 3 12 0 12 0 7 2 28 2 3 12 0
15 32 2 7 1 2 8 2 9 2 1 19 1 30 1 19 0 17 1 30
31 28 31 0 8 30 33 22 32 8 0 6 0 4 0 10 0 5 0 2
13 2 7 0 2 9 2 3 0 1 7 0 10 5 10 4 0 12 0 21
29 23 25 24 27 24 25 24 27 24 31 25 31 28 33 27 2 3 0 6
33 20 32 14 33 30 8 0 17 1 17 0 5 16 6 5 10 0 10 0
16 6 5 0 8 32 29 23 27 2 0 11 0 10 5 6 4 10 0 2
22 33 8 0 2 27 2 28 31 32 15 33 18 32 30 1 7 1 21 0
11 0 19 0 13 1 21 0 3 1 0 2 28 31 32 8 0 17 1 30
10 5 0 12 0 11 0 12 3 13 33 23 32 8 30 33 8 33 9 33
0 3 7 0 1 21 0 4 10 0 6 5 10 0 17 0 17 1 2 28
27 23 33 13 0 4 10 4 0 12 3 13 2 27 24 25 23 27 23 25
18 32 29 23 32 14 33 22 33 20 33 28 31 28 31 0 13 2 27 24
28 33 28 33 30 8 33 27 2 0 5 16 6 0 21 0 1 13 1 21
5 6 4 0 7 3 12 3 0 21 1 13 33 27 24 31 0 3 0 31
7 1 0 19 1 21 0 17 0 6 0 8 33 20 32 33 22 32 22 33
23 33 19 33 19 1 13 0 8 32 20 33 9 33 18 33 31 28 33 32
2 27 24 25 24 27 23 25 31 25 31 25 31 25 31 28 33 14 32 23
6 16 5 0 8 30 33 29 26 33 22 33 8 30 33 30 32 23 29 26
24 27 23 33 15 32 33 23 33 31 28 33 26 33 22 32 33 30 33 20
26 33 8 33 23 29 33 22 33 9 2 9 2 27 24 27 33 26 33 29
8 2 7 1 13 33 26 33 13 3 12 3 0 8 2 8 32 2 0 12
19 33 13 33 20 33 14 32 20 33 22 33 19 1 17 1 19 0 8 33
17 0 4 10 5 10 0 31 25 31 32 22 33 32 2 1 2 13 2 7
21 1 13 0 3 12 0 8 0 11 0 5 10 0 6 5 10 5 16 6
20 32 18 33 22 32 23 25 23 32 30 33 19 0 19 33 9 33 26 33
19 1 7 2 1 0 11 0 5 0 1 13 1 0 1 3 0 3 0 31
15 33 27 2 27 33 18 32 30 32 22 32 33 30 33 15 32 20 32 33
17 0 17 0 11 0 8 2 27 24 31 32 33 28 31 33 31 33 22 33
29 32 31 28 31 25 23 25 31 32 2 1 2 0 19 0 21 1 0 7
9 2 0 1 17 0 6 4 0 6 0 12 3 0 7 3 13 33 30 33
33 19 33 14 32 29 26 33 26 29 33 20 32 22 32 20 33 30 33 26
4 10 4 10 0 21 0 1 0 2 8 2 1 21 1 30 32 14 33 14
21 1 3 7 2 32 14 33 32 2 3 2 1 13 1 7 3 1 30 1
23 33 20 32 30 8 32 14 33 27 33 31 32 22 32 23 32 20 33 13
0 1 3 13 2 8 2 27 24 31 24 25 31 0 7 0 1 3 12 3
1 7 2 27 23 32 8 2 3 2 1 19 0 17 0 5 10 4 10 4
12 3 2 13 2 9 33 15 33 13 1 3 2 27 2 3 0 8 33 9
5 6 0 2 32 33 27 23 33 13 2 13 0 5 16 5 6 16 6 4
31 28 31 33 28 33 31 33 32 18 33 32 14 33 14 33 14 32 14 32
27 24 27 24 27 24 25 24 25 31 32 20 33 32 29 33 18 33 23 33
16 6 5 16 6 4 6 5 16 5 16 5 0 11 0 21 0 4 10 0
24 25 24 25 24 27 24 25 31 0 11 0 17 0 7 1 0 8 33 31
10 4 6 5 10 5 0 12 0 11 0 12 0 6 0 8 2 3 7 1
26 29 23 25 23 29 32 15 32 23 32 23 29 23 25 31 0 5 6 16
6 5 10 0 5 6 4 0 11 0 17 1 21 1 13 3 7 3 12 3
22 33 15 32 15 33 15 32 18 33 32 23 29 32 31 25 31 0 19 0
18 33 18 32 23 27 23 29 33 27 24 31 28 31 24 31 0 21 0 7
28 31 0 1 19 33 20 33 19 0 21 1 19 33 28 33 26 33 14 32
11 0 5 0 7 0 17 1 17 0 4 6 4 6 16 6 0 17 1 17
14 33 13 3 0 7 3 2 32 14 33 20 33 18 32 29 23 32 18 33
32 29 33 8 2 32 33 20 32 31 32 18 33 30 8 2 0 31 32 23
2 27 33 19 0 1 30 8 2 0 1 19 0 2 1 2 7 0 4 6
7 0 2 9 33 32 31 25 23 32 22 33 9 33 31 33 15 32 33 15
8 2 32 23 29 23 25 24 31 24 31 25 31 25 24 31 33 13 33 26
30 32 14 32 31 0 7 1 0 3 13 33 23 33 26 29 32 14 32 18
13 0 17 0 21 0 1 3 0 21 0 21 0 3 2 13 0 11 0 19
3 12 3 2 3 2 9 2 32 18 33 23 25 23 25 23 27 23 27 33
25 24 27 33 28 2 9 33 32 31 33 28 31 28 31 32 18 32 31 28
5 0 13 33 26 33 8 0 3 0 7 0 11 0 4 10 0 10 4 6
7 3 7 0 4 6 5 6 5 6 5 16 5 6 0 21 1 19 1 3
23 25 24 31 24 31 32 30 1 0 17 0 31 25 31 25 24 31 28 33
30 32 15 32 30 8 32 31 0 11 0 12 3 2 13 1 19 0 3 12
10 4 0 3 12 0 1 17 1 21 1 13 1 17 1 13 3 1 7 1
27 33 8 30 1 3 7 0 31 0 12 3 0 2 28 31 25 24 25 23
18 32 29 26 29 32 23 33 19 33 32 20 32 15 32 15 32 8 33 23
16 5 6 16 6 5 16 6 0 4 10 0 7 3 1 30 33 8 33 28
13 3 7 0 8 30 32 8 32 20 33 29 33 23 25 24 25 24 31 24
12 3 0 2 0 31 24 25 23 32 18 32 2 1 30 1 21 0 19 1
2 8 32 22 33 23 27 24 27 33 20 33 30 1 19 33 31 0 21 0
8 30 32 18 32 33 27 2 27 23 29 33 27 24 25 24 25 31 28 2
15 33 20 33 13 0 12 0 3 1 19 0 8 30 33 28 2 3 13 1
14 33 26 33 32 8 30 33 19 1 19 1 13 0 19 1 17 0 21 1
28 31 0 1 21 1 30 8 33 9 33 9 2 27 24 27 24 25 24 27
31 32 31 28 33 22 33 27 23 33 28 31 25 31 0 7 0 1 13 3
17 1 17 0 17 1 7 1 2 3 12 3 12 3 13 2 28 31 32 31
24 31 0 3 13 1 2 0 3 2 13 33 8 30 32 29 23 27 23 33
1 13 33 26 29 32 15 32 22 32 30 33 15 32 8 33 29 26 33 15
21 1 7 1 17 0 19 0 12 3 13 0 8 33 30 32 20 32 30 32
4 0 5 6 5 16 6 0 5 10 0 1 17 0 4 10 0 17 1 21
33 8 30 1 13 2 13 1 21 0 12 0 1 19 0 3 0 6 5 6
9 2 7 1 0 2 27 2 9 33 20 33 19 1 2 8 33 9 33 14
25 23 29 23 25 24 31 24 25 24 27 33 30 1 0 1 19 0 17 0
29 32 15 32 29 33 30 8 33 28 33 22 32 8 33 27 23 33 8 2
19 1 19 33 14 32 31 0 19 0 17 0 19 0 19 1 2 1 13 0
32 23 29 32 20 33 31 0 31 28 33 8 33 29 26 29 32 8 33 13
20 32 8 30 32 8 0 8 32 8 2 7 3 7 2 1 19 1 0 3
22 33 20 32 2 0 5 6 0 21 1 30 32 23 25 31 0 21 1 0
3 1 13 0 12 0 7 1 13 1 0 10 5 6 4 10 0 5 0 6
6 0 13 3 7 1 17 1 30 32 15 33 28 33 31 25 31 0 4 6
0 21 1 19 33 23 27 24 25 24 27 23 33 15 32 8 2 0 31 32
11 0 12 0 10 4 0 12 3 0 21 1 17 1 13 2 27 24 25 23
26 29 32 14 33 19 1 17 0 1 7 3 2 1 13 3 7 3 0 12
24 27 2 7 1 17 1 2 13 1 30 32 15 33 19 1 2 3 1 0
16 5 0 8 2 9 33 32 15 33 13 1 17 1 30 1 13 2 8 30
25 24 27 2 9 33 14 33 22 33 22 32 23 27 24 25 24 31 24 27
0 31 28 2 3 13 2 13 3 0 11 0 1 30 33 14 32 2 1 19
9 33 32 8 33 32 33 26 29 23 33 20 32 8 0 21 0 21 0 6
2 27 2 8 33 18 32 2 9 33 23 27 24 25 24 25 24 31 0 13
22 32 20 32 29 23 27 2 1 30 32 30 1 7 1 7 0 13 0 8
5 10 5 16 5 0 5 10 4 6 0 6 16 6 5 6 4 0 4 10
29 26 29 32 23 27 23 32 2 0 5 10 0 5 6 0 11 0 13 2
21 1 21 0 1 3 12 0 5 6 16 5 16 5 16 5 6 4 0 13
33 30 33 30 8 33 28 2 1 19 1 0 6 5 16 6 16 5 0 5
17 0 13 2 3 1 3 0 4 0 17 0 8 30 8 30 1 7 2 0
13 0 7 2 0 7 0 10 0 12 3 12 3 0 2 9 2 9 33 15
27 33 18 32 22 33 23 29 26 33 9 2 28 31 0 13 1 13 1 7
32 29 26 29 26 29 26 29 32 14 32 22 33 14 32 31 33 20 33 23
8 30 33 9 33 26 29 33 15 33 8 0 11 0 19 1 7 1 17 1
6 5 0 4 0 2 1 17 0 13 0 21 1 7 1 0 11 0 7 0
14 33 20 32 31 0 19 33 27 2 28 2 32 14 32 22 32 2 3 13
28 2 27 2 27 24 31 25 23 29 26 29 33 26 33 27 24 25 23 27
15 33 18 32 20 32 18 32 23 33 27 33 28 31 24 25 31 28 2 28
1 30 33 8 2 1 3 13 33 14 32 18 32 33 13 3 13 3 1 0
10 4 0 2 1 3 13 33 23 33 8 32 20 32 31 32 22 32 18 33
23 25 24 31 32 30 33 23 27 23 32 33 18 33 20 32 20 32 23 25
12 3 13 0 13 1 2 32 14 32 18 32 8 30 8 33 8 32 14 32
7 3 2 27 23 27 24 31 0 8 33 15 32 2 3 13 1 19 33 19
4 10 0 6 16 6 0 13 1 17 0 10 4 0 3 7 1 30 1 7
30 33 18 32 8 0 4 6 0 21 1 0 3 0 31 25 24 31 0 17
19 33 8 32 33 9 33 15 32 14 32 2 3 1 19 33 23 29 33 29
26 33 26 33 31 24 27 23 27 24 27 33 32 15 33 18 33 26 29 23
31 0 2 7 0 1 2 28 31 33 29 33 14 32 2 0 2 1 19 1
18 32 20 32 30 8 0 1 3 13 2 32 22 33 27 23 25 31 25 31
11 0 4 6 16 6 4 10 4 0 7 2 0 12 3 0 17 1 30 32
3 7 0 17 1 21 1 3 2 8 32 15 32 31 33 19 33 29 32 8
20 32 20 33 14 33 9 2 1 3 0 10 5 6 5 6 16 5 0 31
30 33 9 33 27 23 27 33 32 31 28 33 28 33 20 33 27 33 28 33
11 0 4 10 4 10 4 6 5 16 5 10 4 6 5 10 0 21 1 2
2 27 33 15 33 22 32 2 9 2 8 30 1 21 0 2 13 3 2 9
10 0 4 10 0 17 1 2 7 2 28 33 22 33 8 0 7 2 13 1
20 33 9 33 32 15 33 13 2 0 7 2 27 24 25 31 25 31 24 25
5 0 19 1 0 5 16 5 6 0 19 33 13 1 7 1 13 3 1 21
0 1 7 2 28 31 33 18 32 23 32 20 32 18 33 15 33 30 33 23
31 33 15 33 14 32 18 33 28 31 24 25 24 31 24 31 28 2 13 0
1 7 1 2 13 2 28 33 31 24 27 24 27 23 32 2 13 0 21 0
17 0 17 1 21 0 31 32 20 32 31 24 25 24 31 25 24 31 0 10
19 1 13 3 7 0 31 25 24 27 33 15 33 29 23 27 2 1 21 0
15 33 9 2 0 4 6 0 2 0 12 3 7 3 1 13 0 4 10 0
23 25 23 25 24 25 23 32 2 0 6 5 0 13 3 0 10 5 6 16
7 0 13 1 19 33 9 33 15 32 20 33 28 2 27 33 27 23 29 23
9 2 8 33 32 33 26 33 15 33 9 33 31 28 2 7 3 12 0 2
3 13 2 8 32 33 8 2 13 0 13 2 13 1 21 1 17 0 12 3
27 33 14 33 13 3 12 3 13 0 11 0 1 0 7 0 6 0 1 13
29 33 13 3 2 1 30 8 2 0 11 0 3 0 11 0 13 1 13 0
16 5 6 5 0 10 4 10 5 0 8 32 22 32 22 32 22 33 14 32
22 33 20 32 30 8 33 30 32 29 33 31 24 25 23 32 29 23 27 23
18 32 15 33 19 1 19 1 21 0 19 0 7 3 7 2 3 1 21 1
26 29 26 33 20 33 27 2 1 3 12 3 13 0 11 0 7 1 7 1
33 8 0 13 33 32 31 0 10 4 10 5 10 5 16 5 0 12 0 11
24 27 33 14 32 31 24 31 32 23 27 33 9 2 28 33 23 32 2 28
4 6 4 0 7 1 13 2 8 2 28 33 15 33 27 23 32 20 32 8
21 1 13 3 2 28 31 25 31 28 2 13 0 31 33 19 1 19 1 19
28 31 32 30 33 31 28 31 0 12 0 4 6 4 6 16 5 6 0 21
8 33 9 33 13 1 7 1 21 1 3 7 1 2 3 13 33 19 33 19
13 3 7 3 0 17 1 17 0 6 0 8 30 33 13 1 30 32 30 1
32 31 28 31 25 31 25 23 33 26 29 33 20 33 32 31 0 1 21 1
25 23 27 24 27 33 29 26 29 32 23 27 23 25 23 29 33 9 2 27
14 33 31 25 24 31 24 27 2 3 1 21 1 0 3 12 3 12 0 3
12 3 12 0 8 0 11 0 7 2 0 6 0 2 8 2 32 2 3 12
6 0 11 0 5 10 5 6 16 5 16 5 0 7 0 11 0 3 7 2
