0 0.440785 0.358319
1 0.466484 0.433739
2 0.329579 0.123590
3 0.473603 0.433530
4 0.448031 0.439545
5 0.494784 0.486585
6 0.470360 0.490340
7 0.436538 0.416872
8 0.320895 0.046392
9 0.135603 0.047576
10 0.454019 0.456073
11 0.429275 0.340483
12 0.448150 0.410599
13 0.345442 0.340042
14 0.183836 -0.058715
15 0.191491 -0.137130
16 0.474668 0.416045
17 0.454850 0.443872
18 0.230923 -0.056432
19 0.233293 0.310701
20 0.233883 -0.107071
21 0.473210 0.400719
22 0.268053 -0.056817
23 0.175855 -0.111760
24 0.288446 0.314384
25 0.287502 0.258801
26 0.090055 -0.192435
27 0.167800 0.125642
28 0.250195 0.311544
29 0.151604 -0.160713
30 0.364284 0.086660
31 0.423923 0.391768
32 0.463479 -0.045760
33 0.202145 -0.005887
