0 0.532976 0.447685
1 0.595644 0.497410
2 0.513237 0.287612
3 0.569963 0.564501
4 0.557545 0.566516
5 0.601520 0.603590
6 0.568244 0.596553
7 0.518807 0.461663
8 0.492398 0.229162
9 0.472361 0.206747
10 0.569206 0.562985
11 0.522777 0.471264
12 0.525015 0.510254
13 0.498427 0.386240
14 0.468663 0.128629
15 0.492502 0.121233
16 0.561945 0.546185
17 0.525219 0.506804
18 0.468126 0.152349
19 0.487238 0.348475
20 0.449517 0.103020
21 0.558497 0.473651
22 0.477251 0.131802
23 0.442632 0.075944
24 0.475634 0.408164
25 0.445570 0.374214
26 0.418516 0.034764
27 0.414765 0.263030
28 0.443148 0.313731
29 0.432726 0.028591
30 0.492646 0.263367
31 0.410902 0.426128
32 0.434496 0.117809
33 0.424926 0.058566
