0 0.494321 0.414718
1 0.540243 0.463703
2 0.508182 0.332792
3 0.525733 0.525838
4 0.529398 0.505319
5 0.544995 0.538672
6 0.513301 0.523158
7 0.494930 0.421424
8 0.499693 0.163709
9 0.487040 0.216019
10 0.510010 0.498285
11 0.510182 0.454745
12 0.506753 0.470349
13 0.483425 0.357573
14 0.479580 0.097567
15 0.510530 0.110805
16 0.517329 0.469284
17 0.504202 0.478753
18 0.482669 0.086401
19 0.500128 0.335575
20 0.456302 0.087414
21 0.531946 0.433751
22 0.478783 0.116169
23 0.482358 0.096329
24 0.505711 0.387472
25 0.480622 0.371493
26 0.461907 0.019886
27 0.453086 0.275086
28 0.458052 0.320048
29 0.463339 -0.007766
30 0.512021 0.272073
31 0.423269 0.405348
32 0.410093 0.097773
33 0.417996 0.069535
