0 0.075941 0.238668
1 0.101964 0.243584
2 0.044941 0.052129
3 0.095064 0.267181
4 0.048716 0.258505
5 0.096637 0.274975
6 0.089360 0.316893
7 0.070857 0.225167
8 0.037297 -0.077718
9 -0.027477 -0.111721
10 0.065168 0.256374
11 0.061640 0.161668
12 0.044624 0.182241
13 0.054502 0.190520
14 0.005230 -0.194337
15 -0.017741 -0.235450
16 0.056215 0.219292
17 0.079566 0.241625
18 0.033523 -0.172722
19 -0.002119 0.081138
20 0.020053 -0.195103
21 0.056155 0.172687
22 0.017387 -0.133119
23 -0.002994 -0.175230
24 -0.005429 0.216568
25 0.011784 0.205865
26 -0.057363 -0.212529
27 -0.047814 -0.000977
28 0.011604 0.151164
29 -0.039181 -0.224089
30 0.027220 0.002781
31 -0.008124 0.356005
32 0.123673 -0.129479
33 -0.074412 -0.161938
