0 0.509085 0.468373
1 0.647565 0.544200
2 0.490037 0.199846
3 0.572272 0.534271
4 0.564225 0.603323
5 0.649054 0.655536
6 0.609251 0.672580
7 0.545614 0.483451
8 0.397231 0.195313
9 0.298800 0.124941
10 0.593923 0.630776
11 0.482406 0.372375
12 0.519778 0.517949
13 0.436185 0.401333
14 0.313763 0.055046
15 0.331879 -0.011988
16 0.603899 0.616697
17 0.533618 0.505990
18 0.330778 0.120499
19 0.396442 0.386141
20 0.340367 0.038100
21 0.563752 0.520699
22 0.396870 0.084075
23 0.219878 -0.072069
24 0.204068 0.379092
25 0.236858 0.334288
26 0.154840 -0.091417
27 0.217639 0.188430
28 0.328750 0.349432
29 0.122947 -0.007219
30 0.408594 0.162040
31 0.371053 0.428046
32 0.526676 0.063238
33 0.265612 0.188325
