0 0.544908 0.478516
1 0.621279 0.525069
2 0.525471 0.306976
3 0.584984 0.588587
4 0.576256 0.604466
5 0.629606 0.643746
6 0.596538 0.640053
7 0.541846 0.490237
8 0.498638 0.239849
9 0.469150 0.242057
10 0.592361 0.608542
11 0.531154 0.492324
12 0.538996 0.541385
13 0.510234 0.417111
14 0.467953 0.135077
15 0.491368 0.155427
16 0.585925 0.596302
17 0.541981 0.535110
18 0.467530 0.171246
19 0.488025 0.375915
20 0.455992 0.133986
21 0.575885 0.508210
22 0.484292 0.160171
23 0.427991 0.110752
24 0.448799 0.445875
25 0.417597 0.391343
26 0.420921 0.068307
27 0.412194 0.289616
28 0.451601 0.346851
29 0.437071 0.053565
30 0.495790 0.276129
31 0.413393 0.449391
32 0.468780 0.136114
33 0.394181 0.126257
