0 0.001739 -0.012073
1 0.005627 -0.015192
2 0.005458 -0.019551
3 0.011088 -0.014023
4 0.004782 -0.012403
5 0.009791 -0.016264
6 0.005740 -0.013345
7 0.005277 -0.012547
8 0.007478 -0.006957
9 0.000321 -0.012777
10 0.004221 -0.010247
11 0.005344 -0.012091
12 0.000253 -0.012132
13 0.002964 -0.008039
14 -0.000396 -0.015504
15 -0.002096 -0.018141
16 -0.001332 -0.022123
17 0.000084 -0.020896
18 0.001369 -0.016240
19 -0.003442 -0.016980
20 0.003195 -0.016287
21 0.002666 -0.020399
22 0.003811 -0.014642
23 0.003430 -0.014756
24 0.002962 -0.008356
25 0.009469 -0.007677
26 0.001405 -0.017811
27 0.000817 -0.015311
28 0.004089 -0.012175
29 -0.002943 -0.013478
30 0.005149 -0.011526
31 0.002162 -0.013247
32 0.002720 -0.020256
33 0.003183 -0.020886
