0 0.245099 0.381944
1 0.294263 0.439073
2 0.186279 0.243709
3 0.290995 0.462983
4 0.244537 0.448473
5 0.310184 0.488220
6 0.308894 0.492256
7 0.282278 0.465140
8 0.177295 0.097151
9 0.015710 0.106026
10 0.250343 0.455262
11 0.241525 0.374358
12 0.241861 0.403079
13 0.219110 0.387324
14 0.088891 -0.071119
15 0.040419 -0.077349
16 0.258544 0.407817
17 0.282718 0.454665
18 0.137262 -0.059647
19 0.089709 0.307789
20 0.103719 -0.071233
21 0.261290 0.397275
22 0.132229 -0.025559
23 0.033887 -0.020270
24 0.074694 0.362139
25 0.108088 0.336089
26 -0.049064 -0.156386
27 -0.003620 0.170337
28 0.104777 0.326823
29 0.015447 -0.147888
30 0.189822 0.145244
31 0.184043 0.390321
32 0.297238 -0.008923
33 -0.001594 -0.031537
