0 0.022000 0.015115
1 0.032612 0.026001
2 0.017732 -0.007092
3 0.034652 0.055323
4 0.019808 0.053329
5 0.041094 0.055996
6 0.036781 0.068160
7 0.030784 0.024062
8 0.027852 0.009556
9 0.006896 -0.009024
10 0.028487 0.042052
11 0.028376 0.025110
12 0.020311 0.018529
13 0.028236 0.042834
14 0.014017 -0.023562
15 0.005624 -0.032640
16 0.018031 0.010365
17 0.028281 0.009716
18 0.022952 -0.024296
19 0.007543 -0.012834
20 0.022668 -0.027046
21 0.025146 -0.011682
22 0.020942 -0.013434
23 0.020873 -0.033312
24 0.015760 0.063346
25 0.025593 0.074128
26 0.005388 -0.004955
27 0.002814 0.010149
28 0.022520 0.031423
29 0.000902 -0.042221
30 0.018024 -0.000463
31 0.009210 0.101183
32 0.035765 -0.034777
33 -0.002387 -0.057621
