0 0.002494 -0.016310
1 0.011306 -0.023801
2 0.015578 -0.031455
3 0.021867 -0.029889
4 0.014785 -0.028420
5 0.017559 -0.033761
6 0.011308 -0.029588
7 0.011074 -0.024253
8 0.014542 -0.019209
9 0.006998 -0.025014
10 0.010684 -0.023887
11 0.012182 -0.025781
12 0.005123 -0.022746
13 0.007442 -0.018480
14 0.005245 -0.025826
15 0.004512 -0.030261
16 0.004569 -0.034768
17 0.003991 -0.032457
18 0.006246 -0.026748
19 0.001563 -0.029191
20 0.007619 -0.028732
21 0.007648 -0.034433
22 0.008283 -0.028326
23 0.007567 -0.025473
24 0.008216 -0.022799
25 0.015652 -0.022065
26 0.008660 -0.033722
27 0.008238 -0.031629
28 0.010641 -0.027753
29 0.003755 -0.026312
30 0.013212 -0.026966
31 0.011089 -0.033729
32 0.007529 -0.036680
33 0.010243 -0.036305
