0 0.007910 -0.018006
1 0.011187 -0.020740
2 0.002625 -0.032269
3 0.012085 -0.008600
4 0.002725 -0.009143
5 0.015895 -0.010848
6 0.012687 -0.006302
7 0.009422 -0.021605
8 0.009383 -0.015106
9 -0.002910 -0.023571
10 0.007805 -0.011633
11 0.008125 -0.018697
12 0.002836 -0.023037
13 0.007949 -0.010845
14 -0.000039 -0.032087
15 -0.004740 -0.034607
16 0.000589 -0.031220
17 0.006578 -0.032492
18 0.005156 -0.034060
19 -0.004176 -0.031650
20 0.006622 -0.031074
21 0.006752 -0.032953
22 0.006444 -0.025260
23 0.006689 -0.033006
24 0.003507 -0.000806
25 0.010409 0.001001
26 -0.002323 -0.021360
27 -0.004157 -0.016556
28 0.006662 -0.010560
29 -0.006758 -0.032162
30 0.003796 -0.017379
31 -0.002147 0.003983
32 0.009605 -0.038881
33 -0.003363 -0.045794
