0 0.004936 -0.014852
1 0.007358 -0.018142
2 0.002567 -0.024534
3 0.009468 -0.011720
4 0.002358 -0.011307
5 0.011761 -0.013739
6 0.008741 -0.010611
7 0.006891 -0.017182
8 0.007729 -0.010405
9 -0.001320 -0.016833
10 0.005384 -0.011181
11 0.006032 -0.015145
12 0.001652 -0.017939
13 0.005446 -0.010339
14 -0.000162 -0.022334
15 -0.003200 -0.024259
16 -0.000406 -0.026032
17 0.003577 -0.026360
18 0.003331 -0.023787
19 -0.003241 -0.022899
20 0.005243 -0.021503
21 0.004900 -0.024800
22 0.005607 -0.018050
23 0.005641 -0.022172
24 0.003642 -0.005389
25 0.009827 -0.004549
26 -0.000298 -0.017216
27 -0.001608 -0.013915
28 0.005260 -0.010263
29 -0.004576 -0.020077
30 0.003808 -0.012675
31 -0.000583 -0.006136
32 0.005712 -0.026255
33 0.000870 -0.029428
