0 0.467540 0.377257
1 0.497388 0.456950
2 0.384320 0.151718
3 0.517821 0.451082
4 0.490816 0.469174
5 0.537459 0.515941
6 0.509345 0.522587
7 0.465232 0.425719
8 0.357120 0.090839
9 0.212934 0.063164
10 0.503896 0.483580
11 0.457718 0.356682
12 0.479539 0.437115
13 0.376634 0.345085
14 0.246890 -0.014055
15 0.262218 -0.090684
16 0.515308 0.452314
17 0.479267 0.458600
18 0.262221 -0.003750
19 0.297850 0.324825
20 0.283849 -0.056925
21 0.509762 0.423002
22 0.314356 -0.015927
23 0.227039 -0.111267
24 0.301838 0.318315
25 0.302023 0.268569
26 0.138967 -0.172954
27 0.211532 0.137747
28 0.292020 0.306805
29 0.191585 -0.114243
30 0.395643 0.128416
31 0.427085 0.398913
32 0.477978 -0.008649
33 0.232338 0.047414
