0 0.002367 -0.012368
1 0.005959 -0.015525
2 0.005209 -0.019927
3 0.010914 -0.013764
4 0.004707 -0.012309
5 0.010279 -0.015911
6 0.006489 -0.013108
7 0.005890 -0.013183
8 0.007873 -0.007473
9 0.000625 -0.013281
10 0.004729 -0.010462
11 0.005782 -0.012478
12 0.000950 -0.012939
13 0.003757 -0.008579
14 0.000125 -0.016322
15 -0.001693 -0.018746
16 -0.000747 -0.022556
17 0.001037 -0.021559
18 0.002086 -0.017121
19 -0.002793 -0.017610
20 0.003984 -0.016799
21 0.003457 -0.020742
22 0.004581 -0.014959
23 0.004276 -0.015599
24 0.003587 -0.008202
25 0.009975 -0.007531
26 0.001700 -0.017578
27 0.001023 -0.014991
28 0.004635 -0.011919
29 -0.002601 -0.014096
30 0.005334 -0.011525
31 0.002220 -0.012401
32 0.003535 -0.020517
33 0.003501 -0.021405
