0 0.009631 -0.023353
1 0.014094 -0.030281
2 0.008148 -0.041065
3 0.016637 -0.024325
4 0.008706 -0.024873
5 0.020335 -0.026994
6 0.017127 -0.023404
7 0.014560 -0.034245
8 0.014964 -0.027537
9 0.004183 -0.034817
10 0.013026 -0.026446
11 0.013474 -0.032197
12 0.008688 -0.035346
13 0.013185 -0.025301
14 0.006286 -0.041729
15 0.002669 -0.043800
16 0.006648 -0.043396
17 0.011696 -0.044337
18 0.010639 -0.043523
19 0.002880 -0.042047
20 0.012383 -0.040739
21 0.012499 -0.043570
22 0.012408 -0.036348
23 0.012729 -0.042067
24 0.009961 -0.017886
25 0.016517 -0.016824
26 0.005206 -0.033525
27 0.003464 -0.029515
28 0.012584 -0.024672
29 0.000805 -0.040586
30 0.010129 -0.029559
31 0.004970 -0.016487
32 0.014209 -0.047268
33 0.005507 -0.052156
