0 0.536760 0.496445
1 0.658425 0.557720
2 0.504890 0.272154
3 0.558273 0.594462
4 0.558946 0.651727
5 0.644262 0.696413
6 0.601892 0.703026
7 0.551943 0.504123
8 0.451716 0.238629
9 0.424069 0.205551
10 0.601596 0.660367
11 0.490768 0.460649
12 0.513919 0.549165
13 0.471917 0.428383
14 0.432779 0.112153
15 0.435834 0.121915
16 0.600125 0.660937
17 0.545831 0.530797
18 0.407727 0.175847
19 0.438302 0.395890
20 0.402230 0.103198
21 0.573283 0.535381
22 0.455571 0.139199
23 0.325025 0.048069
24 0.336525 0.434991
25 0.321063 0.351897
26 0.349726 0.009957
27 0.316319 0.255303
28 0.372144 0.367305
29 0.373288 0.039463
30 0.460329 0.234665
31 0.344706 0.453703
32 0.462987 0.125890
33 0.323977 0.161159
