0 0.002915 -0.010994
1 0.005098 -0.012790
2 0.001853 -0.017120
3 0.007956 -0.007261
4 0.001451 -0.006244
5 0.009086 -0.009077
6 0.005954 -0.006211
7 0.004701 -0.009730
8 0.005980 -0.003320
9 -0.001996 -0.009330
10 0.003269 -0.005207
11 0.004101 -0.008035
12 -0.000232 -0.010117
13 0.003046 -0.004260
14 -0.001623 -0.013728
15 -0.004113 -0.015723
16 -0.002226 -0.018624
17 0.000830 -0.018395
18 0.001176 -0.014859
19 -0.004491 -0.014492
20 0.003157 -0.013290
21 0.002623 -0.016800
22 0.003685 -0.010537
23 0.003543 -0.013235
24 0.002144 -0.001238
25 0.008255 -0.000474
26 -0.001013 -0.011302
27 -0.001997 -0.008370
28 0.003228 -0.005269
29 -0.005228 -0.011124
30 0.002681 -0.006129
31 -0.001077 -0.003376
32 0.002971 -0.017045
33 0.000613 -0.019114
