0 0.013384 -0.017550
1 0.019652 -0.019962
2 0.011413 -0.033766
3 0.022230 -0.006572
4 0.012618 -0.007567
5 0.027151 -0.009044
6 0.023645 -0.004037
7 0.020064 -0.022351
8 0.019795 -0.016630
9 0.006324 -0.025897
10 0.018467 -0.011118
11 0.018681 -0.019273
12 0.013056 -0.023956
13 0.018553 -0.010286
14 0.009743 -0.035211
15 0.004925 -0.038071
16 0.010895 -0.032266
17 0.017425 -0.033769
18 0.015373 -0.037315
19 0.005525 -0.034344
20 0.016713 -0.034459
21 0.017356 -0.035464
22 0.016263 -0.027800
23 0.016739 -0.036695
24 0.013070 0.001396
25 0.020384 0.003792
26 0.006964 -0.022922
27 0.004841 -0.017462
28 0.016994 -0.010416
29 0.002430 -0.036569
30 0.013643 -0.018947
31 0.007325 0.008709
32 0.020978 -0.042780
33 0.005343 -0.051049
