0 0.006297 -0.013665
1 0.009788 -0.016538
2 0.006164 -0.022187
3 0.013026 -0.010551
4 0.006401 -0.009950
5 0.015359 -0.012513
6 0.012245 -0.009510
7 0.010624 -0.014982
8 0.011627 -0.008321
9 0.002915 -0.014577
10 0.009155 -0.009521
11 0.009845 -0.013073
12 0.005529 -0.015627
13 0.009132 -0.008667
14 0.003805 -0.019684
15 0.001150 -0.021617
16 0.003550 -0.023835
17 0.007206 -0.023981
18 0.007024 -0.021029
19 0.000960 -0.020326
20 0.009007 -0.018968
21 0.008755 -0.022353
22 0.009388 -0.015790
23 0.009459 -0.019396
24 0.007589 -0.004418
25 0.013768 -0.003622
26 0.004031 -0.015496
27 0.002763 -0.012336
28 0.009137 -0.008901
29 -0.000235 -0.017268
30 0.007880 -0.010745
31 0.003775 -0.005661
32 0.009327 -0.023322
33 0.005482 -0.026100
