0 0.514616 0.431473
1 0.591493 0.505988
2 0.484967 0.200670
3 0.579086 0.516483
4 0.558895 0.546646
5 0.610076 0.592943
6 0.578267 0.599576
7 0.520138 0.466004
8 0.443438 0.162388
9 0.361397 0.139373
10 0.572925 0.564523
11 0.508621 0.406911
12 0.527430 0.495840
13 0.464360 0.384900
14 0.382021 0.049069
15 0.393927 0.020865
16 0.572721 0.546789
17 0.522165 0.501877
18 0.395300 0.086160
19 0.420691 0.354748
20 0.391817 0.023829
21 0.561102 0.476663
22 0.432454 0.063391
23 0.350348 -0.011427
24 0.364854 0.381410
25 0.366039 0.338550
26 0.290625 -0.073547
27 0.321837 0.208743
28 0.387709 0.323068
29 0.294273 -0.020087
30 0.454038 0.199967
31 0.420205 0.422287
32 0.491728 0.057512
33 0.298489 0.151318
