0 0.003877 -0.013791
1 0.011924 -0.018831
2 0.015274 -0.024708
3 0.021490 -0.021644
4 0.014922 -0.019865
5 0.018452 -0.024766
6 0.012920 -0.021072
7 0.012724 -0.017164
8 0.015802 -0.011915
9 0.008443 -0.017796
10 0.012152 -0.016273
11 0.013511 -0.017953
12 0.007156 -0.016060
13 0.009598 -0.012143
14 0.007012 -0.019327
15 0.006124 -0.023069
16 0.006302 -0.027472
17 0.006323 -0.025473
18 0.008170 -0.020077
19 0.003655 -0.021919
20 0.009720 -0.021473
21 0.009664 -0.026553
22 0.010326 -0.020628
23 0.009810 -0.018740
24 0.010051 -0.015129
25 0.017203 -0.014422
26 0.009968 -0.025499
27 0.009453 -0.023281
28 0.012088 -0.019695
29 0.005240 -0.018745
30 0.014162 -0.018747
31 0.011781 -0.023756
32 0.009554 -0.027747
33 0.011693 -0.027596
