0 0.002694 -0.011656
1 0.005519 -0.014126
2 0.003527 -0.018372
3 0.009392 -0.010506
4 0.003157 -0.009270
5 0.009759 -0.012445
6 0.006369 -0.009686
7 0.005464 -0.011451
8 0.007081 -0.005408
9 -0.000459 -0.011270
10 0.004143 -0.007854
11 0.005085 -0.010228
12 0.000588 -0.011539
13 0.003608 -0.006523
14 -0.000534 -0.014974
15 -0.002657 -0.017122
16 -0.001285 -0.020530
17 0.001153 -0.019936
18 0.001832 -0.015926
19 -0.003364 -0.015967
20 0.003800 -0.014943
21 0.003252 -0.018627
22 0.004363 -0.012661
23 0.004152 -0.014343
24 0.003098 -0.004814
25 0.009304 -0.004121
26 0.000558 -0.014336
27 -0.000267 -0.011576
28 0.004098 -0.008553
29 -0.003666 -0.012463
30 0.004141 -0.008718
31 0.000744 -0.007878
32 0.003437 -0.018499
33 0.002341 -0.019939
