0 0.026609 0.064981
1 0.037735 0.057251
2 0.012299 -0.033847
3 0.034705 0.065146
4 0.012528 0.053582
5 0.039755 0.061426
6 0.034922 0.085947
7 0.026001 0.008809
8 0.017839 -0.068147
9 -0.012290 -0.101680
10 0.021498 0.031676
11 0.021187 -0.006388
12 0.010383 -0.009055
13 0.020461 0.025066
14 -0.000902 -0.119622
15 -0.014252 -0.138255
16 0.008363 0.000583
17 0.022915 0.004695
18 0.012229 -0.106446
19 -0.009411 -0.068992
20 0.009127 -0.121789
21 0.014906 -0.052362
22 0.006466 -0.099769
23 0.003949 -0.133490
24 -0.000952 0.053138
25 0.011744 0.067292
26 -0.018526 -0.110534
27 -0.020214 -0.061420
28 0.008044 -0.002283
29 -0.021208 -0.156306
30 0.003625 -0.080173
31 -0.006887 0.144479
32 0.035954 -0.116003
33 -0.031988 -0.154309
