0 0.031623 0.099940
1 0.047951 0.151525
2 0.032643 0.130559
3 0.053760 0.219450
4 0.037729 0.226991
5 0.062499 0.237871
6 0.057953 0.256983
7 0.051459 0.212163
8 0.047254 0.182869
9 0.022788 0.159840
10 0.049427 0.231012
11 0.049181 0.216781
12 0.040208 0.207743
13 0.049177 0.231787
14 0.032173 0.147977
15 0.022917 0.134032
16 0.038512 0.201746
17 0.050348 0.207124
18 0.042646 0.151738
19 0.025556 0.171005
20 0.041541 0.144984
21 0.045827 0.175160
22 0.039108 0.162176
23 0.038762 0.133558
24 0.032935 0.244050
25 0.043823 0.261631
26 0.020273 0.156854
27 0.017560 0.180118
28 0.041058 0.210744
29 0.016213 0.114933
30 0.036168 0.166113
31 0.026461 0.288612
32 0.059594 0.132952
33 0.010312 0.101126
