0 0.003930 -0.012510
1 0.007898 -0.015657
2 0.006927 -0.020145
3 0.012877 -0.013296
4 0.006834 -0.012015
5 0.013032 -0.015392
6 0.009411 -0.012652
7 0.008669 -0.013571
8 0.010474 -0.007738
9 0.003053 -0.013551
10 0.007437 -0.010434
11 0.008418 -0.012648
12 0.003778 -0.013496
13 0.006693 -0.008819
14 0.002770 -0.016902
15 0.000923 -0.019173
16 0.002034 -0.022789
17 0.004144 -0.022001
18 0.004908 -0.017777
19 -0.000000 -0.018044
20 0.006876 -0.017114
21 0.006436 -0.020917
22 0.007428 -0.015072
23 0.007237 -0.016219
24 0.006317 -0.007780
25 0.012629 -0.007112
26 0.004172 -0.017177
27 0.003374 -0.014506
28 0.007413 -0.011458
29 -0.000100 -0.014536
30 0.007706 -0.011352
31 0.004497 -0.011401
32 0.006533 -0.020710
33 0.006023 -0.021876
