0 0.015239 -0.011532
1 0.022123 -0.010509
2 0.010666 -0.030543
3 0.023594 0.008598
4 0.011696 0.006860
5 0.028837 0.006434
6 0.025053 0.013433
7 0.020458 -0.013946
8 0.019282 -0.012346
9 0.003028 -0.024376
10 0.018649 0.000397
11 0.018693 -0.010877
12 0.012114 -0.016391
13 0.018638 0.001331
14 0.007844 -0.035869
15 0.001499 -0.040236
16 0.009827 -0.024927
17 0.017823 -0.026773
18 0.014759 -0.038067
19 0.002573 -0.032954
20 0.015541 -0.036219
21 0.016642 -0.033531
22 0.014642 -0.027175
23 0.014970 -0.039509
24 0.010637 0.016829
25 0.018868 0.021253
26 0.002928 -0.020427
27 0.000611 -0.012488
28 0.015656 -0.001622
29 -0.001679 -0.042065
30 0.011834 -0.016152
31 0.004333 0.033327
32 0.022723 -0.045799
33 -0.001087 -0.058411
