0 0.178459 0.351666
1 0.215051 0.395220
2 0.115900 0.190973
3 0.203425 0.416257
4 0.142254 0.402346
5 0.210474 0.431446
6 0.204929 0.450718
7 0.177515 0.419869
8 0.098260 0.038815
9 -0.025353 0.034424
10 0.162166 0.409316
11 0.150950 0.313501
12 0.138738 0.345848
13 0.131380 0.341785
14 0.039694 -0.122729
15 0.006740 -0.134924
16 0.167633 0.366698
17 0.190479 0.408498
18 0.082075 -0.103152
19 0.032478 0.257030
20 0.054469 -0.124934
21 0.160324 0.350693
22 0.066533 -0.067154
23 -0.000436 -0.070876
24 0.012076 0.331058
25 0.037395 0.300178
26 -0.080364 -0.188989
27 -0.050373 0.118914
28 0.042857 0.281141
29 -0.023698 -0.176978
30 0.108536 0.108528
31 0.053488 0.390073
32 0.253162 -0.028908
33 -0.081008 -0.066047
