0 0.055962 0.211716
1 0.081064 0.238980
2 0.044094 0.114898
3 0.082956 0.280138
4 0.050689 0.278814
5 0.090670 0.298015
6 0.084986 0.329846
7 0.071379 0.245143
8 0.051253 0.045771
9 0.002371 0.003156
10 0.065488 0.266607
11 0.063606 0.206852
12 0.048932 0.210164
13 0.059998 0.226814
14 0.022502 -0.072171
15 0.003092 -0.100562
16 0.050600 0.224770
17 0.071134 0.244574
18 0.042648 -0.052753
19 0.013842 0.104925
20 0.034524 -0.065119
21 0.054628 0.173242
22 0.030973 -0.015581
23 0.021549 -0.058075
24 0.018041 0.242119
25 0.034114 0.254606
26 -0.017487 -0.089006
27 -0.014621 0.066659
28 0.031379 0.187630
29 -0.011595 -0.116729
30 0.032902 0.052609
31 0.013829 0.341055
32 0.097411 -0.064566
33 -0.037234 -0.079739
