0 0.514592 0.474937
1 0.635976 0.544485
2 0.500735 0.217884
3 0.585475 0.535453
4 0.574952 0.608545
5 0.647170 0.662281
6 0.610558 0.672405
7 0.548476 0.498459
8 0.416358 0.192888
9 0.302846 0.157722
10 0.592714 0.631898
11 0.497144 0.408104
12 0.531786 0.534881
13 0.453190 0.419481
14 0.334479 0.061578
15 0.358325 0.027305
16 0.602551 0.616787
17 0.537454 0.528055
18 0.362722 0.121885
19 0.406140 0.388991
20 0.370760 0.053689
21 0.572344 0.523983
22 0.415713 0.089167
23 0.280080 -0.006797
24 0.229412 0.407334
25 0.258384 0.352185
26 0.210225 -0.070941
27 0.246876 0.222579
28 0.353032 0.362224
29 0.159448 0.007485
30 0.430842 0.212128
31 0.387038 0.442124
32 0.512816 0.086133
33 0.310120 0.214268
