0 0.003854 -0.015478
1 0.006219 -0.019558
2 0.002533 -0.025434
3 0.008871 -0.015321
4 0.002233 -0.014689
5 0.010444 -0.017397
6 0.007362 -0.014546
7 0.005920 -0.018982
8 0.007049 -0.012536
9 -0.001249 -0.018632
10 0.004445 -0.014086
11 0.005212 -0.017389
12 0.000908 -0.019478
13 0.004338 -0.013033
14 -0.000629 -0.023330
15 -0.003262 -0.025258
16 -0.001105 -0.027862
17 0.002250 -0.027851
18 0.002385 -0.024575
19 -0.003522 -0.024101
20 0.004360 -0.022754
21 0.003899 -0.026245
22 0.004833 -0.019906
23 0.004760 -0.022928
24 0.003159 -0.009492
25 0.009269 -0.008789
26 -0.000243 -0.020004
27 -0.001339 -0.016940
28 0.004408 -0.013612
29 -0.004455 -0.020877
30 0.003539 -0.015095
31 -0.000401 -0.011309
32 0.004353 -0.026883
33 0.001272 -0.029309
