0 0.504075 0.426609
1 0.601385 0.517963
2 0.457352 0.127392
3 0.582615 0.487415
4 0.555932 0.540901
5 0.621724 0.595931
6 0.589235 0.615422
7 0.521166 0.470277
8 0.390938 0.146530
9 0.270575 0.072024
10 0.579647 0.570706
11 0.489994 0.343514
12 0.523664 0.488585
13 0.435306 0.387326
14 0.312018 0.013912
15 0.322503 -0.068426
16 0.587033 0.552394
17 0.517653 0.496943
18 0.321606 0.065723
19 0.377417 0.362537
20 0.349340 -0.019750
21 0.561229 0.485683
22 0.380682 0.026497
23 0.255817 -0.086465
24 0.250199 0.344795
25 0.281108 0.297414
26 0.185927 -0.164615
27 0.229374 0.158163
28 0.342536 0.329886
29 0.152874 -0.031202
30 0.416671 0.155230
31 0.412983 0.421780
32 0.527712 0.039251
33 0.265282 0.127562
