0 0.001878 -0.012796
1 0.006586 -0.016504
2 0.007268 -0.021230
3 0.012942 -0.016520
4 0.006538 -0.014811
5 0.011037 -0.018965
6 0.006622 -0.015886
7 0.006276 -0.014164
8 0.008713 -0.008712
9 0.001576 -0.014545
10 0.005346 -0.012324
11 0.006536 -0.014069
12 0.001124 -0.013550
13 0.003746 -0.009628
14 0.000644 -0.016924
15 -0.000867 -0.019827
16 -0.000290 -0.023960
17 0.000724 -0.022503
18 0.002214 -0.017621
19 -0.002513 -0.018673
20 0.003956 -0.018075
21 0.003504 -0.022422
22 0.004581 -0.016672
23 0.004146 -0.016176
24 0.003891 -0.010730
25 0.010566 -0.010061
26 0.002745 -0.020371
27 0.002209 -0.017954
28 0.005199 -0.014705
29 -0.001695 -0.015235
30 0.006612 -0.013891
31 0.003772 -0.016559
32 0.003523 -0.022526
33 0.004500 -0.022889
