0 0.331587 0.387034
1 0.386313 0.438588
2 0.321440 0.194784
3 0.397355 0.457024
4 0.380782 0.443135
5 0.415738 0.484576
6 0.407479 0.490565
7 0.396019 0.456430
8 0.329449 0.056405
9 0.195014 0.098987
10 0.372357 0.464230
11 0.372079 0.366121
12 0.387691 0.407441
13 0.362125 0.380663
14 0.261483 -0.081941
15 0.245864 -0.070941
16 0.399320 0.423213
17 0.399545 0.461111
18 0.287169 -0.071057
19 0.282967 0.316491
20 0.273283 -0.082282
21 0.415909 0.409211
22 0.302056 -0.034782
23 0.241156 -0.040478
24 0.290628 0.361776
25 0.303002 0.317879
26 0.174266 -0.166174
27 0.232869 0.173970
28 0.305230 0.337342
29 0.229552 -0.149409
30 0.370753 0.151385
31 0.370632 0.389597
32 0.347707 -0.015626
33 0.107565 0.011291
