0 0.005829 -0.015082
1 0.008633 -0.018139
2 0.003402 -0.025030
3 0.010759 -0.010637
4 0.003428 -0.010369
5 0.013484 -0.012676
6 0.010451 -0.009372
7 0.008376 -0.017195
8 0.009090 -0.010288
9 -0.000455 -0.016959
10 0.006850 -0.010574
11 0.007445 -0.014948
12 0.002969 -0.018084
13 0.006966 -0.009808
14 0.000971 -0.022946
15 -0.002262 -0.024895
16 0.000896 -0.026117
17 0.005205 -0.026618
18 0.004737 -0.024485
19 -0.002209 -0.023371
20 0.006597 -0.021980
21 0.006358 -0.025150
22 0.006863 -0.018178
23 0.006974 -0.022909
24 0.004764 -0.004041
25 0.011018 -0.003093
26 0.000531 -0.016841
27 -0.000894 -0.013368
28 0.006656 -0.009443
29 -0.003756 -0.020855
30 0.004871 -0.012480
31 0.000260 -0.004112
32 0.007393 -0.027157
33 0.001460 -0.030855
