0 0.541726 0.511947
1 0.672169 0.550957
2 0.521658 0.331247
3 0.549280 0.648995
4 0.551624 0.691042
5 0.644408 0.727823
6 0.602806 0.720671
7 0.567832 0.502618
8 0.465889 0.287526
9 0.434111 0.258758
10 0.599083 0.683081
11 0.496748 0.515644
12 0.516396 0.561339
13 0.488199 0.436059
14 0.435832 0.160210
15 0.436299 0.180463
16 0.597075 0.686145
17 0.561867 0.538987
18 0.417074 0.217968
19 0.442762 0.403432
20 0.408896 0.163095
21 0.577633 0.544732
22 0.471039 0.183722
23 0.332837 0.116343
24 0.321791 0.469155
25 0.305393 0.363851
26 0.354111 0.073509
27 0.310907 0.276557
28 0.370286 0.377839
29 0.376667 0.064806
30 0.482033 0.256424
31 0.329916 0.456726
32 0.438277 0.158326
33 0.426581 0.142022
