0 0.003319 -0.012506
1 0.006101 -0.015308
2 0.003635 -0.019924
3 0.009666 -0.011340
4 0.003379 -0.010290
5 0.010525 -0.013290
6 0.007255 -0.010523
7 0.006184 -0.013142
8 0.007637 -0.006963
9 -0.000121 -0.012874
10 0.004807 -0.009129
11 0.005694 -0.011769
12 0.001296 -0.013375
13 0.004438 -0.007940
14 0.000026 -0.016897
15 -0.002229 -0.018955
16 -0.000627 -0.022124
17 0.002116 -0.021725
18 0.002596 -0.017941
19 -0.002775 -0.017799
20 0.004589 -0.016657
21 0.004080 -0.020262
22 0.005126 -0.014186
23 0.004972 -0.016332
24 0.003730 -0.005610
25 0.009886 -0.004921
26 0.000903 -0.015354
27 -0.000019 -0.012497
28 0.004791 -0.009417
29 -0.003314 -0.014359
30 0.004499 -0.009983
31 0.000953 -0.008249
32 0.004329 -0.020325
33 0.002646 -0.022071
