0 0.012128 -0.031177
1 0.016899 -0.042891
2 0.001685 -0.077045
3 0.015407 -0.034564
4 0.001327 -0.038985
5 0.019672 -0.039579
6 0.015798 -0.031613
7 0.010382 -0.065629
8 0.008389 -0.070227
9 -0.009703 -0.084275
10 0.008233 -0.050909
11 0.008250 -0.065585
12 0.000958 -0.069238
13 0.008098 -0.048487
14 -0.004033 -0.096420
15 -0.011818 -0.102172
16 -0.001517 -0.077875
17 0.007454 -0.080030
18 0.003851 -0.098589
19 -0.010231 -0.092048
20 0.004124 -0.098607
21 0.005298 -0.092247
22 0.003001 -0.088938
23 0.002862 -0.102621
24 -0.001512 -0.030398
25 0.007258 -0.024750
26 -0.010841 -0.079317
27 -0.013006 -0.069058
28 0.003790 -0.054323
29 -0.015339 -0.107594
30 -0.000102 -0.075956
31 -0.008182 -0.006042
32 0.013294 -0.108015
33 -0.016761 -0.123498
