0 0.537131 0.465729
1 0.631257 0.527265
2 0.498698 0.168806
3 0.591584 0.554304
4 0.566359 0.586859
5 0.639531 0.633638
6 0.601026 0.641830
7 0.533376 0.474977
8 0.454216 0.169944
9 0.395380 0.153792
10 0.599340 0.606814
11 0.505214 0.398118
12 0.526139 0.510148
13 0.468593 0.395196
14 0.409771 0.053188
15 0.423015 0.030964
16 0.599182 0.593239
17 0.529584 0.505783
18 0.405063 0.109573
19 0.437195 0.359413
20 0.406171 0.030535
21 0.570369 0.498598
22 0.444168 0.072597
23 0.336625 -0.004439
24 0.366832 0.397611
25 0.350399 0.335633
26 0.339990 -0.048841
27 0.331045 0.227305
28 0.394529 0.331669
29 0.370329 0.007283
30 0.447228 0.216979
31 0.389676 0.431005
32 0.544298 0.091730
33 0.236155 0.210862
