0 0.040233 0.138833
1 0.059394 0.156837
2 0.031546 0.059738
3 0.061389 0.199348
4 0.036121 0.195624
5 0.069114 0.211219
6 0.064022 0.242679
7 0.053652 0.159748
8 0.041167 0.028424
9 0.003433 -0.012144
10 0.048501 0.185950
11 0.048050 0.140813
12 0.035687 0.139843
13 0.046580 0.168497
14 0.018590 -0.050524
15 0.002687 -0.074331
16 0.034155 0.151444
17 0.051774 0.164655
18 0.034510 -0.028627
19 0.009817 0.054519
20 0.029316 -0.044566
21 0.040286 0.094977
22 0.025966 -0.010815
23 0.021250 -0.055572
24 0.016268 0.184488
25 0.031007 0.202531
26 -0.007352 -0.056983
27 -0.008064 0.037802
28 0.027681 0.128438
29 -0.007265 -0.096482
30 0.024183 0.015359
31 0.010840 0.276842
32 0.069214 -0.057650
33 -0.024292 -0.090289
