0 0.442541 0.416253
1 0.486814 0.460737
2 0.498119 0.361007
3 0.480754 0.517304
4 0.502944 0.489201
5 0.503399 0.526272
6 0.475948 0.506998
7 0.477963 0.430321
8 0.492834 0.191146
9 0.490929 0.242832
10 0.468867 0.487086
11 0.487395 0.458352
12 0.486817 0.461871
13 0.475958 0.379696
14 0.484614 0.103258
15 0.519264 0.138644
16 0.488737 0.454515
17 0.482014 0.483893
18 0.481205 0.077764
19 0.510622 0.350860
20 0.460588 0.096502
21 0.511067 0.433041
22 0.474480 0.131663
23 0.499809 0.133182
24 0.501988 0.396415
25 0.483066 0.384904
26 0.491771 0.033938
27 0.479277 0.292725
28 0.474870 0.359116
29 0.478913 0.005488
30 0.516273 0.292602
31 0.439522 0.393435
32 0.399453 0.088654
33 0.388262 0.057417
