0 0.001402 -0.010767
1 0.006817 -0.013572
2 0.008330 -0.017957
3 0.014053 -0.013522
4 0.007452 -0.011561
5 0.011379 -0.016063
6 0.006531 -0.012663
7 0.006279 -0.009931
8 0.008997 -0.004487
9 0.001839 -0.010381
10 0.005499 -0.008498
11 0.006778 -0.010062
12 0.000949 -0.009116
13 0.003482 -0.005326
14 0.000667 -0.012427
15 -0.000673 -0.015703
16 -0.000260 -0.019975
17 0.000302 -0.018239
18 0.002054 -0.013115
19 -0.002659 -0.014475
20 0.003689 -0.014015
21 0.003301 -0.018643
22 0.004334 -0.012782
23 0.003800 -0.011727
24 0.003813 -0.007230
25 0.010674 -0.006488
26 0.003094 -0.017170
27 0.002621 -0.014861
28 0.005342 -0.011531
29 -0.001456 -0.011091
30 0.007148 -0.010474
31 0.004469 -0.014142
32 0.003291 -0.019113
33 0.004796 -0.019198
