0 0.547635 0.498051
1 0.653883 0.547457
2 0.519039 0.292020
3 0.572409 0.627101
4 0.567044 0.653592
5 0.650099 0.693633
6 0.610684 0.689752
7 0.560280 0.498106
8 0.482284 0.267287
9 0.458453 0.239768
10 0.607952 0.651929
11 0.510752 0.491989
12 0.528250 0.550903
13 0.502518 0.425365
14 0.456108 0.146171
15 0.464185 0.130886
16 0.606242 0.643020
17 0.551936 0.531412
18 0.440726 0.201115
19 0.471165 0.383064
20 0.431445 0.134906
21 0.579394 0.529134
22 0.474586 0.169761
23 0.366135 0.073905
24 0.389340 0.441963
25 0.359463 0.359309
26 0.378608 0.057045
27 0.354952 0.265855
28 0.408271 0.354252
29 0.406174 0.065706
30 0.475710 0.255392
31 0.371211 0.457363
32 0.456035 0.144244
33 0.440237 0.158128
