0 0.534858 0.474668
1 0.627821 0.526748
2 0.510487 0.276614
3 0.579462 0.579262
4 0.571391 0.608663
5 0.637287 0.652679
6 0.601614 0.651372
7 0.542143 0.485046
8 0.464497 0.221756
9 0.406613 0.211045
10 0.593308 0.618886
11 0.512660 0.467672
12 0.529466 0.535097
13 0.486785 0.411565
14 0.425414 0.110701
15 0.437748 0.117339
16 0.590659 0.609218
17 0.536451 0.526420
18 0.422954 0.161656
19 0.453968 0.371771
20 0.420444 0.104675
21 0.571475 0.511118
22 0.453607 0.137000
23 0.366557 0.059129
24 0.372238 0.425767
25 0.359940 0.368822
26 0.343266 0.025024
27 0.344744 0.254618
28 0.407153 0.339765
29 0.347253 0.040034
30 0.460561 0.248406
31 0.399424 0.439648
32 0.484556 0.113802
33 0.357337 0.164286
