0 0.409714 0.446394
1 0.463451 0.499133
2 0.501875 0.436664
3 0.463917 0.558149
4 0.498501 0.528730
5 0.489918 0.566780
6 0.469178 0.544019
7 0.483066 0.482774
8 0.498327 0.339489
9 0.522630 0.339278
10 0.462802 0.526694
11 0.484886 0.523410
12 0.485188 0.509159
13 0.489706 0.445019
14 0.507420 0.233843
15 0.546959 0.266588
16 0.486932 0.492980
17 0.482908 0.530631
18 0.496245 0.193260
19 0.541031 0.408252
20 0.483964 0.252173
21 0.507541 0.483135
22 0.488444 0.274259
23 0.527955 0.278082
24 0.516349 0.455307
25 0.501101 0.466034
26 0.533884 0.179111
27 0.521484 0.380863
28 0.507929 0.429851
29 0.511324 0.156111
30 0.522705 0.386653
31 0.478517 0.405174
32 0.356555 0.161679
33 0.422518 0.121317
