0 0.476951 0.383820
1 0.535014 0.486001
2 0.392228 0.079396
3 0.552048 0.430123
4 0.520013 0.478270
5 0.576540 0.531933
6 0.549092 0.553549
7 0.490971 0.444789
8 0.352443 0.094080
9 0.198193 0.003044
10 0.543104 0.500743
11 0.472108 0.310980
12 0.504475 0.442758
13 0.391229 0.357235
14 0.239178 -0.036034
15 0.257718 -0.142717
16 0.552031 0.476348
17 0.499161 0.468844
18 0.266394 -0.006768
19 0.315005 0.338259
20 0.291710 -0.083122
21 0.536726 0.442449
22 0.326475 -0.040106
23 0.218602 -0.140317
24 0.264052 0.306433
25 0.289490 0.244596
26 0.112167 -0.223670
27 0.202373 0.107216
28 0.292012 0.309514
29 0.145488 -0.110552
30 0.401785 0.068474
31 0.440779 0.402501
32 0.524248 -0.034763
33 0.224224 0.035428
