0 0.172137 0.360052
1 0.239042 0.431625
2 0.202341 0.327952
3 0.265177 0.475978
4 0.233388 0.474650
5 0.284468 0.499722
6 0.280107 0.507469
7 0.267320 0.481670
8 0.232163 0.252445
9 0.156916 0.226540
10 0.258733 0.461660
11 0.254749 0.434201
12 0.244944 0.437912
13 0.251180 0.440379
14 0.199348 0.089378
15 0.187232 0.080359
16 0.264830 0.417069
17 0.280894 0.469240
18 0.224589 0.081749
19 0.199014 0.342289
20 0.209581 0.079550
21 0.264643 0.403189
22 0.208403 0.126451
23 0.184036 0.147872
24 0.179224 0.410392
25 0.193885 0.428500
26 0.119864 0.021095
27 0.136422 0.262506
28 0.199366 0.388027
29 0.151468 0.036159
30 0.229770 0.286440
31 0.179007 0.432214
32 0.307724 0.089987
33 0.081637 0.095851
