0 0.009212 -0.017980
1 0.013757 -0.022216
2 0.008711 -0.030555
3 0.016835 -0.014850
4 0.009444 -0.014874
5 0.020370 -0.017096
6 0.017197 -0.013638
7 0.014917 -0.022869
8 0.015515 -0.015950
9 0.005337 -0.022918
10 0.013426 -0.015644
11 0.013934 -0.020616
12 0.009324 -0.023872
13 0.013555 -0.014788
14 0.007093 -0.029389
15 0.003834 -0.031384
16 0.007311 -0.031901
17 0.011963 -0.032604
18 0.011108 -0.031047
19 0.003920 -0.029738
20 0.012946 -0.028375
21 0.013002 -0.031397
22 0.013056 -0.024268
23 0.013349 -0.029513
24 0.010809 -0.008229
25 0.017229 -0.007225
26 0.006424 -0.022289
27 0.004791 -0.018568
28 0.013172 -0.014247
29 0.002081 -0.027665
30 0.010963 -0.018099
31 0.006150 -0.007606
32 0.014305 -0.034169
33 0.007147 -0.038443
