0 0.016049 -0.011637
1 0.023771 -0.009865
2 0.014790 -0.024622
3 0.026853 0.008872
4 0.016513 0.008045
5 0.032399 0.007122
6 0.028698 0.013114
7 0.024726 -0.009180
8 0.024113 -0.004665
9 0.009336 -0.015180
10 0.023072 0.003633
11 0.023215 -0.005675
12 0.017171 -0.011157
13 0.023133 0.004247
14 0.013397 -0.025761
15 0.008077 -0.029267
16 0.014987 -0.019716
17 0.022186 -0.021352
18 0.019583 -0.027944
19 0.008836 -0.023954
20 0.020718 -0.025310
21 0.021710 -0.024873
22 0.020009 -0.017435
23 0.020549 -0.028134
24 0.016439 0.017698
25 0.024198 0.020967
26 0.009782 -0.011950
27 0.007473 -0.005485
28 0.021030 0.003028
29 0.005190 -0.028880
30 0.017355 -0.007757
31 0.010506 0.029023
32 0.026397 -0.034510
33 0.007212 -0.044774
