0 0.525811 0.433076
1 0.578164 0.479211
2 0.518614 0.317317
3 0.555856 0.550062
4 0.549994 0.539435
5 0.580175 0.572683
6 0.547627 0.559813
7 0.512495 0.439137
8 0.509310 0.201089
9 0.507589 0.222746
10 0.548338 0.530784
11 0.526594 0.472358
12 0.522091 0.493908
13 0.502579 0.370806
14 0.495771 0.125104
15 0.526847 0.134751
16 0.544623 0.507924
17 0.522512 0.492712
18 0.492622 0.129215
19 0.509465 0.336767
20 0.472483 0.112743
21 0.552153 0.452393
22 0.490684 0.131797
23 0.486721 0.108885
24 0.516442 0.404895
25 0.487089 0.382914
26 0.480282 0.054837
27 0.466003 0.282792
28 0.471687 0.310420
29 0.485127 0.017809
30 0.521330 0.276532
31 0.418702 0.409150
32 0.410839 0.115945
33 0.422452 0.091571
