0 0.008598 -0.018789
1 0.012362 -0.022483
2 0.005130 -0.032805
3 0.014036 -0.012448
4 0.005429 -0.012802
5 0.017791 -0.014697
6 0.014600 -0.010613
7 0.011712 -0.023514
8 0.011904 -0.016737
9 0.000441 -0.024572
10 0.010143 -0.014647
11 0.010525 -0.020900
12 0.005523 -0.024801
13 0.010315 -0.013794
14 0.002908 -0.032286
15 -0.001238 -0.034560
16 0.003373 -0.032882
17 0.008871 -0.033970
18 0.007662 -0.034161
19 -0.000847 -0.032212
20 0.009274 -0.031224
21 0.009376 -0.033649
22 0.009211 -0.026106
23 0.009493 -0.032881
24 0.006529 -0.005143
25 0.013236 -0.003741
26 0.001265 -0.022910
27 -0.000516 -0.018571
28 0.009393 -0.013268
29 -0.003168 -0.031561
30 0.006735 -0.018908
31 0.001183 -0.002170
32 0.011586 -0.038348
33 0.000959 -0.044134
